# relative_time, cycles_done, cur_item, corpus_count, pending_total, pending_favs, map_size, saved_crashes, saved_hangs, max_depth, execs_per_sec, total_execs, edges_found
61, 4, 159, 160, 1, 0, 0.60%, 0, 0, 10, 6987.67, 442155, 249
66, 5, 136, 160, 0, 0, 0.60%, 0, 0, 10, 7136.19, 479569, 249
71, 5, 159, 161, 1, 0, 0.61%, 0, 0, 10, 7054.16, 515714, 251
76, 5, 161, 162, 1, 0, 0.61%, 0, 0, 10, 6968.68, 550420, 251
81, 6, 138, 162, 0, 0, 0.61%, 0, 0, 10, 7149.38, 587681, 251
87, 6, 159, 163, 1, 0, 0.61%, 0, 0, 10, 7007.92, 624010, 251
92, 7, 115, 163, 0, 0, 0.61%, 0, 0, 10, 7144.88, 660880, 251
97, 7, 154, 164, 1, 0, 0.61%, 0, 0, 10, 7082.53, 697669, 251
102, 8, 110, 164, 0, 0, 0.61%, 0, 0, 10, 7125.73, 733354, 251
107, 8, 151, 164, 0, 0, 0.61%, 0, 0, 10, 7089.73, 769049, 251
112, 9, 110, 164, 0, 0, 0.61%, 0, 0, 10, 7146.51, 806085, 251
117, 9, 147, 164, 0, 0, 0.61%, 0, 0, 10, 7081.95, 841581, 251
122, 10, 105, 164, 0, 0, 0.61%, 0, 0, 10, 7145.87, 878537, 251
127, 10, 146, 164, 0, 0, 0.61%, 0, 0, 10, 7113.19, 914366, 251
133, 11, 102, 164, 0, 0, 0.61%, 0, 0, 10, 7151.59, 950979, 251
138, 11, 145, 165, 1, 1, 0.61%, 0, 0, 10, 7134.14, 988118, 252
143, 12, 92, 165, 0, 0, 0.61%, 0, 0, 10, 7158.22, 1025153, 252
148, 12, 143, 165, 0, 0, 0.61%, 0, 0, 10, 7110.26, 1062136, 252
153, 13, 84, 165, 0, 0, 0.61%, 0, 0, 10, 7152.91, 1098868, 252
159, 13, 138, 165, 0, 0, 0.61%, 0, 0, 10, 7152.30, 1136087, 252
164, 13, 161, 166, 1, 0, 0.61%, 0, 0, 10, 7063.52, 1172658, 252
169, 14, 132, 166, 0, 0, 0.61%, 0, 0, 10, 7165.23, 1209700, 252
174, 14, 164, 166, 0, 0, 0.61%, 0, 0, 10, 7135.06, 1246576, 252
179, 15, 134, 166, 0, 0, 0.61%, 0, 0, 10, 7181.63, 1283976, 252
184, 15, 161, 166, 0, 0, 0.61%, 0, 0, 10, 7103.22, 1319633, 252
189, 16, 132, 166, 0, 0, 0.61%, 0, 0, 10, 7197.84, 1356891, 252
195, 16, 159, 167, 1, 0, 0.61%, 0, 0, 11, 7101.54, 1393770, 252
200, 17, 104, 167, 0, 0, 0.61%, 0, 0, 11, 7167.04, 1430657, 252
205, 17, 145, 167, 0, 0, 0.61%, 0, 0, 11, 7145.86, 1466675, 252
210, 18, 74, 167, 0, 0, 0.61%, 0, 0, 11, 7095.86, 1503087, 252
215, 18, 139, 167, 0, 0, 0.61%, 0, 0, 11, 7172.17, 1540340, 252
220, 18, 162, 167, 0, 0, 0.61%, 0, 0, 11, 7062.50, 1575847, 252
225, 19, 132, 167, 0, 0, 0.61%, 0, 0, 11, 7183.35, 1613043, 252
230, 19, 158, 167, 0, 0, 0.61%, 0, 0, 11, 7123.08, 1648815, 252
235, 20, 113, 167, 0, 0, 0.61%, 0, 0, 11, 7172.69, 1685999, 252
241, 20, 156, 167, 0, 0, 0.61%, 0, 0, 11, 7172.36, 1723335, 252
246, 21, 129, 167, 0, 0, 0.61%, 0, 0, 11, 7195.14, 1760442, 252
251, 21, 157, 167, 0, 0, 0.61%, 0, 0, 11, 7138.94, 1797532, 252
256, 22, 122, 167, 0, 0, 0.61%, 0, 0, 11, 7165.86, 1834715, 252
261, 22, 153, 167, 0, 0, 0.61%, 0, 0, 11, 7148.87, 1871931, 252
267, 23, 106, 167, 0, 0, 0.61%, 0, 0, 11, 7162.56, 1908921, 252
272, 23, 150, 168, 1, 0, 0.61%, 0, 0, 11, 7130.02, 1946002, 252
277, 24, 93, 168, 0, 0, 0.61%, 0, 0, 11, 7164.77, 1983212, 252
282, 24, 144, 168, 0, 0, 0.61%, 0, 0, 11, 7115.55, 2020099, 252
287, 24, 167, 168, 0, 0, 0.61%, 0, 0, 11, 7053.70, 2056813, 252
292, 25, 135, 168, 0, 0, 0.61%, 0, 0, 11, 7177.21, 2093837, 252
298, 25, 161, 168, 0, 0, 0.61%, 0, 0, 11, 7084.57, 2129671, 252
303, 26, 117, 168, 0, 0, 0.61%, 0, 0, 11, 7164.41, 2166485, 252
308, 26, 153, 168, 0, 0, 0.61%, 0, 0, 11, 7092.38, 2203423, 252
313, 27, 84, 168, 0, 0, 0.61%, 0, 0, 11, 7139.77, 2240152, 252
318, 27, 140, 168, 0, 0, 0.61%, 0, 0, 11, 7171.64, 2277311, 252
323, 27, 160, 168, 0, 0, 0.61%, 0, 0, 11, 7050.80, 2313827, 252
329, 28, 116, 168, 0, 0, 0.61%, 0, 0, 11, 7154.69, 2350620, 252
334, 28, 151, 168, 0, 0, 0.61%, 0, 0, 11, 7110.39, 2387396, 252
339, 29, 105, 168, 0, 0, 0.61%, 0, 0, 11, 7181.07, 2424163, 252
344, 29, 151, 168, 0, 0, 0.61%, 0, 0, 11, 7121.13, 2461428, 252
349, 30, 84, 168, 0, 0, 0.61%, 0, 0, 11, 7141.93, 2497166, 252
354, 30, 139, 168, 0, 0, 0.61%, 0, 0, 11, 7132.88, 2534190, 252
359, 30, 167, 168, 0, 0, 0.61%, 0, 0, 11, 7110.54, 2571222, 252
365, 31, 134, 168, 0, 0, 0.61%, 0, 0, 11, 7159.93, 2608148, 252
370, 31, 160, 168, 0, 0, 0.61%, 0, 0, 11, 7090.02, 2643817, 252
375, 32, 121, 168, 0, 0, 0.61%, 0, 0, 11, 7151.44, 2680423, 252
380, 32, 157, 168, 0, 0, 0.61%, 0, 0, 11, 7149.27, 2717242, 252
385, 33, 115, 168, 0, 0, 0.61%, 0, 0, 11, 7174.03, 2753955, 252
390, 33, 158, 168, 0, 0, 0.61%, 0, 0, 11, 7181.74, 2790131, 252
395, 34, 111, 168, 0, 0, 0.61%, 0, 0, 11, 7199.75, 2826045, 252
400, 34, 151, 168, 0, 0, 0.61%, 0, 0, 11, 7121.54, 2862982, 252
405, 35, 88, 168, 0, 0, 0.61%, 0, 0, 11, 7151.17, 2899840, 252
411, 35, 143, 168, 0, 0, 0.61%, 0, 0, 11, 7154.32, 2936740, 252
416, 35, 167, 169, 1, 0, 0.61%, 0, 0, 11, 7110.24, 2973431, 252
421, 36, 132, 169, 0, 0, 0.61%, 0, 0, 11, 7201.03, 3010364, 252
426, 36, 159, 169, 0, 0, 0.61%, 0, 0, 11, 7125.03, 3046037, 252
431, 37, 97, 169, 0, 0, 0.61%, 0, 0, 11, 7149.18, 3082666, 252
436, 37, 143, 169, 0, 0, 0.61%, 0, 0, 11, 7094.94, 3119130, 252
441, 37, 166, 169, 0, 0, 0.61%, 0, 0, 11, 7064.47, 3155734, 252
446, 38, 130, 169, 0, 0, 0.61%, 0, 0, 11, 7178.34, 3192655, 252
451, 38, 157, 169, 0, 0, 0.61%, 0, 0, 11, 7122.41, 3228406, 252
457, 39, 103, 169, 0, 0, 0.61%, 0, 0, 11, 7160.10, 3265351, 252
462, 39, 148, 169, 0, 0, 0.61%, 0, 0, 11, 7135.58, 3302418, 252
467, 39, 167, 169, 0, 0, 0.61%, 0, 0, 11, 7049.59, 3338586, 252
472, 40, 135, 169, 0, 0, 0.61%, 0, 0, 11, 7165.79, 3375729, 252
477, 40, 160, 169, 0, 0, 0.61%, 0, 0, 11, 7128.96, 3411353, 252
482, 41, 124, 169, 0, 0, 0.61%, 0, 0, 11, 7174.66, 3448238, 252
487, 41, 152, 169, 0, 0, 0.61%, 0, 0, 11, 7086.61, 3484988, 252
493, 42, 98, 169, 0, 0, 0.61%, 0, 0, 11, 7129.37, 3521897, 252
498, 42, 146, 169, 0, 0, 0.61%, 0, 0, 11, 7132.74, 3559088, 252
503, 43, 78, 169, 0, 0, 0.61%, 0, 0, 11, 7113.67, 3596099, 252
508, 43, 141, 169, 0, 0, 0.61%, 0, 0, 11, 7151.86, 3633374, 252
513, 44, 79, 169, 0, 0, 0.61%, 0, 0, 11, 7153.28, 3670117, 252
518, 44, 138, 169, 0, 0, 0.61%, 0, 0, 11, 7165.70, 3706739, 252
524, 44, 166, 169, 0, 0, 0.61%, 0, 0, 11, 7096.58, 3743110, 252
529, 45, 133, 169, 0, 0, 0.61%, 0, 0, 11, 7194.37, 3780427, 252
534, 45, 163, 169, 0, 0, 0.61%, 0, 0, 11, 7151.65, 3817515, 252
539, 46, 133, 169, 0, 0, 0.61%, 0, 0, 11, 7213.46, 3854598, 252
544, 46, 153, 169, 0, 0, 0.61%, 0, 0, 11, 7053.02, 3890158, 252
549, 47, 95, 169, 0, 0, 0.61%, 0, 0, 11, 7140.93, 3926909, 252
554, 47, 144, 169, 0, 0, 0.61%, 0, 0, 11, 7129.24, 3963852, 252
560, 47, 166, 169, 0, 0, 0.61%, 0, 0, 11, 7063.16, 4000413, 252
565, 48, 135, 169, 0, 0, 0.61%, 0, 0, 11, 7197.88, 4037658, 252
570, 48, 159, 169, 0, 0, 0.61%, 0, 0, 11, 7085.43, 4074454, 252
575, 49, 127, 169, 0, 0, 0.61%, 0, 0, 11, 7189.17, 4111501, 252
580, 49, 152, 169, 0, 0, 0.61%, 0, 0, 11, 7084.75, 4147129, 252
585, 50, 103, 169, 0, 0, 0.61%, 0, 0, 11, 7177.32, 4184327, 252
591, 50, 147, 169, 0, 0, 0.61%, 0, 0, 11, 7107.29, 4221135, 252
596, 51, 85, 169, 0, 0, 0.61%, 0, 0, 11, 7131.08, 4257654, 252
601, 51, 143, 169, 0, 0, 0.61%, 0, 0, 11, 7177.11, 4294875, 252
606, 51, 166, 170, 1, 0, 0.61%, 0, 0, 11, 7124.34, 4330817, 252
611, 52, 113, 171, 0, 0, 0.61%, 0, 0, 11, 7153.60, 4366386, 252
616, 52, 152, 171, 0, 0, 0.61%, 0, 0, 11, 7096.14, 4402100, 252
621, 52, 170, 173, 2, 0, 0.61%, 0, 0, 11, 7082.41, 4437580, 252
626, 53, 134, 173, 0, 0, 0.61%, 0, 0, 11, 7201.16, 4474745, 252
631, 53, 165, 174, 1, 0, 0.61%, 0, 0, 11, 7143.17, 4511889, 252
636, 54, 74, 174, 0, 0, 0.61%, 0, 0, 11, 7142.57, 4547461, 252
642, 54, 137, 175, 1, 0, 0.61%, 0, 0, 11, 7198.34, 4584873, 252
647, 54, 166, 176, 2, 0, 0.61%, 0, 0, 11, 7129.34, 4620618, 252
652, 55, 83, 176, 0, 0, 0.61%, 0, 0, 11, 7110.87, 4655971, 252
657, 55, 140, 176, 0, 0, 0.61%, 0, 0, 11, 7172.26, 4691911, 252
662, 55, 168, 176, 0, 0, 0.61%, 0, 0, 11, 7120.00, 4727570, 252
667, 56, 77, 176, 0, 0, 0.61%, 0, 0, 11, 7106.26, 4764251, 252
672, 56, 142, 176, 0, 0, 0.61%, 0, 0, 11, 7170.20, 4801349, 252
677, 56, 162, 176, 0, 0, 0.61%, 0, 0, 11, 7051.25, 4837932, 252
682, 56, 173, 176, 0, 0, 0.61%, 0, 0, 11, 7016.89, 4874384, 252
687, 57, 126, 176, 0, 0, 0.61%, 0, 0, 11, 7130.49, 4911437, 252
693, 57, 154, 176, 0, 0, 0.61%, 0, 0, 11, 7084.16, 4947195, 252
698, 57, 172, 176, 0, 0, 0.61%, 0, 0, 11, 7022.19, 4983530, 252
703, 58, 124, 176, 0, 0, 0.61%, 0, 0, 11, 7172.86, 5020650, 252
708, 58, 155, 176, 0, 0, 0.61%, 0, 0, 11, 7124.20, 5057600, 252
713, 58, 174, 176, 0, 0, 0.61%, 0, 0, 11, 7110.47, 5093445, 252
718, 59, 133, 176, 0, 0, 0.61%, 0, 0, 11, 7187.26, 5130538, 252
723, 59, 159, 176, 0, 0, 0.61%, 0, 0, 11, 7102.18, 5165960, 252
728, 59, 171, 176, 0, 0, 0.61%, 0, 0, 11, 7042.96, 5201229, 252
733, 60, 115, 176, 0, 0, 0.61%, 0, 0, 11, 7137.55, 5238216, 252
739, 60, 151, 176, 0, 0, 0.61%, 0, 0, 11, 7112.01, 5275245, 252
744, 60, 172, 176, 0, 0, 0.61%, 0, 0, 11, 7031.33, 5311703, 252
749, 61, 128, 176, 0, 0, 0.61%, 0, 0, 11, 7194.32, 5349303, 252
754, 61, 153, 176, 0, 0, 0.61%, 0, 0, 11, 7087.39, 5385975, 252
759, 61, 172, 176, 0, 0, 0.61%, 0, 0, 11, 7066.72, 5421706, 252
764, 62, 123, 176, 0, 0, 0.61%, 0, 0, 11, 7148.92, 5458735, 252
770, 62, 155, 176, 0, 0, 0.61%, 0, 0, 11, 7134.28, 5495809, 252
775, 62, 170, 176, 0, 0, 0.61%, 0, 0, 11, 7053.51, 5531232, 252
780, 63, 108, 176, 0, 0, 0.61%, 0, 0, 11, 7163.61, 5567521, 252
785, 63, 149, 176, 0, 0, 0.61%, 0, 0, 11, 7112.76, 5604600, 252
790, 63, 168, 176, 0, 0, 0.61%, 0, 0, 11, 7050.64, 5639717, 252
795, 64, 84, 176, 0, 0, 0.61%, 0, 0, 11, 7133.42, 5676702, 252
800, 64, 141, 176, 0, 0, 0.61%, 0, 0, 11, 7131.25, 5713561, 252
805, 64, 164, 176, 0, 0, 0.61%, 0, 0, 11, 7094.20, 5750243, 252
811, 64, 175, 176, 0, 0, 0.61%, 0, 0, 11, 7056.41, 5786767, 252
816, 65, 134, 176, 0, 0, 0.61%, 0, 0, 11, 7168.39, 5823700, 252
821, 65, 162, 176, 0, 0, 0.61%, 0, 0, 11, 7122.16, 5859497, 252
826, 66, 103, 176, 0, 0, 0.61%, 0, 0, 11, 7183.90, 5895404, 252
831, 66, 148, 176, 0, 0, 0.61%, 0, 0, 11, 7137.86, 5932451, 252
836, 66, 173, 176, 0, 0, 0.61%, 0, 0, 11, 7072.95, 5968955, 252
841, 67, 132, 176, 0, 0, 0.61%, 0, 0, 11, 7175.44, 6006069, 252
846, 67, 159, 176, 0, 0, 0.61%, 0, 0, 11, 7117.94, 6041691, 252
851, 68, 100, 176, 0, 0, 0.61%, 0, 0, 11, 7156.99, 6078678, 252
857, 68, 145, 176, 0, 0, 0.61%, 0, 0, 11, 7133.60, 6115707, 252
862, 68, 174, 176, 0, 0, 0.61%, 0, 0, 11, 7089.90, 6152553, 252
867, 69, 133, 176, 0, 0, 0.61%, 0, 0, 11, 7194.89, 6188708, 252
872, 69, 162, 176, 0, 0, 0.61%, 0, 0, 11, 7120.72, 6225682, 252
877, 70, 117, 176, 0, 0, 0.61%, 0, 0, 11, 7163.44, 6262574, 252
882, 70, 152, 176, 0, 0, 0.61%, 0, 0, 11, 7076.70, 6299282, 252
888, 71, 77, 176, 0, 0, 0.61%, 0, 0, 11, 7083.35, 6335931, 252
893, 71, 144, 176, 0, 0, 0.61%, 0, 0, 11, 7155.82, 6373059, 252
898, 71, 172, 176, 0, 0, 0.61%, 0, 0, 11, 7077.51, 6408535, 252
903, 72, 134, 176, 0, 0, 0.61%, 0, 0, 11, 7158.00, 6445509, 252
908, 72, 159, 176, 0, 0, 0.61%, 0, 0, 11, 7086.13, 6482445, 252
913, 73, 100, 176, 0, 0, 0.61%, 0, 0, 11, 7151.72, 6518903, 252
918, 73, 149, 176, 0, 0, 0.61%, 0, 0, 11, 7144.85, 6555813, 252
924, 74, 74, 176, 0, 0, 0.61%, 0, 0, 11, 7099.10, 6592640, 252
929, 74, 140, 176, 0, 0, 0.61%, 0, 0, 11, 7155.94, 6630049, 252
934, 74, 163, 176, 0, 0, 0.61%, 0, 0, 11, 7093.02, 6665455, 252
939, 75, 125, 176, 0, 0, 0.61%, 0, 0, 11, 7182.97, 6702270, 252
944, 75, 154, 176, 0, 0, 0.61%, 0, 0, 11, 7101.63, 6738035, 252
949, 76, 95, 176, 0, 0, 0.61%, 0, 0, 11, 7139.17, 6774115, 252
954, 76, 146, 176, 0, 0, 0.61%, 0, 0, 11, 7158.19, 6811272, 252
959, 76, 173, 176, 0, 0, 0.61%, 0, 0, 11, 7078.56, 6847750, 252
965, 77, 136, 176, 0, 0, 0.61%, 0, 0, 11, 7186.49, 6885191, 252
970, 77, 159, 176, 0, 0, 0.61%, 0, 0, 11, 7072.98, 6920449, 252
975, 78, 110, 176, 0, 0, 0.61%, 0, 0, 11, 7150.81, 6957280, 252
980, 78, 152, 176, 0, 0, 0.61%, 0, 0, 11, 7172.05, 6994331, 252
985, 79, 74, 176, 0, 0, 0.61%, 0, 0, 11, 7116.76, 7030898, 252
990, 79, 138, 176, 0, 0, 0.61%, 0, 0, 11, 7147.56, 7068018, 252
995, 79, 161, 176, 0, 0, 0.61%, 0, 0, 11, 7073.45, 7104781, 252
1001, 80, 113, 176, 0, 0, 0.61%, 0, 0, 11, 7164.80, 7141841, 252
1006, 80, 151, 176, 0, 0, 0.61%, 0, 0, 11, 7090.13, 7178710, 252
1011, 81, 80, 176, 0, 0, 0.61%, 0, 0, 11, 7132.41, 7215639, 252
1016, 81, 140, 176, 0, 0, 0.61%, 0, 0, 11, 7145.12, 7252919, 252
1021, 81, 166, 176, 0, 0, 0.61%, 0, 0, 11, 7112.18, 7289779, 252
1026, 82, 129, 176, 0, 0, 0.61%, 0, 0, 11, 7216.24, 7326869, 252
1032, 82, 156, 176, 0, 0, 0.61%, 0, 0, 11, 7119.17, 7362638, 252
1037, 83, 86, 176, 0, 0, 0.61%, 0, 0, 11, 7145.24, 7398236, 252
1042, 83, 143, 176, 0, 0, 0.61%, 0, 0, 11, 7156.03, 7435518, 252
1047, 83, 171, 176, 0, 0, 0.61%, 0, 0, 11, 7106.15, 7472130, 252
1052, 84, 134, 176, 0, 0, 0.61%, 0, 0, 11, 7184.80, 7509382, 252
1057, 84, 163, 176, 0, 0, 0.61%, 0, 0, 11, 7116.17, 7546178, 252
1062, 85, 106, 177, 0, 0, 0.61%, 0, 0, 12, 7170.83, 7583290, 252
1067, 85, 151, 177, 0, 0, 0.61%, 0, 0, 12, 7162.27, 7619201, 252
1073, 86, 72, 177, 0, 0, 0.61%, 0, 0, 12, 7112.48, 7655990, 252
1078, 86, 137, 177, 0, 0, 0.61%, 0, 0, 12, 7159.42, 7693205, 252
1083, 86, 160, 177, 0, 0, 0.61%, 0, 0, 12, 7087.84, 7730184, 252
1088, 87, 93, 177, 0, 0, 0.61%, 0, 0, 12, 7123.74, 7767002, 252
1093, 87, 144, 177, 0, 0, 0.61%, 0, 0, 12, 7126.70, 7803840, 252
1098, 87, 172, 177, 0, 0, 0.61%, 0, 0, 12, 7068.79, 7840208, 252
1104, 88, 133, 177, 0, 0, 0.61%, 0, 0, 12, 7183.66, 7877515, 252
1109, 88, 159, 177, 0, 0, 0.61%, 0, 0, 12, 7091.17, 7914270, 252
1114, 89, 96, 177, 0, 0, 0.61%, 0, 0, 12, 7151.33, 7949990, 252
1119, 89, 146, 177, 0, 0, 0.61%, 0, 0, 12, 7175.57, 7987234, 252
1124, 89, 172, 177, 0, 0, 0.61%, 0, 0, 12, 7072.44, 8023568, 252
1129, 90, 133, 177, 0, 0, 0.61%, 0, 0, 12, 7198.75, 8060405, 252
1134, 90, 159, 177, 0, 0, 0.61%, 0, 0, 12, 7100.95, 8095835, 252
1139, 91, 79, 177, 0, 0, 0.61%, 0, 0, 12, 7092.69, 8132329, 252
1145, 91, 140, 177, 0, 0, 0.61%, 0, 0, 12, 7153.99, 8169405, 252
1150, 91, 166, 177, 0, 0, 0.61%, 0, 0, 12, 7097.04, 8204997, 252
1155, 92, 116, 177, 0, 0, 0.61%, 0, 0, 12, 7173.75, 8241912, 252
1160, 92, 151, 177, 0, 0, 0.61%, 0, 0, 12, 7103.87, 8277610, 252
1165, 92, 174, 177, 0, 0, 0.61%, 0, 0, 12, 7073.48, 8312972, 252
1170, 93, 132, 177, 0, 0, 0.61%, 0, 0, 12, 7159.22, 8350033, 252
1175, 93, 157, 177, 0, 0, 0.61%, 0, 0, 12, 7127.37, 8385846, 252
1180, 93, 176, 177, 0, 0, 0.61%, 0, 0, 12, 7065.40, 8422437, 252
1185, 94, 137, 177, 0, 0, 0.61%, 0, 0, 12, 7176.36, 8460045, 252
1191, 94, 162, 177, 0, 0, 0.61%, 0, 0, 12, 7074.98, 8496518, 252
1196, 95, 96, 177, 0, 0, 0.61%, 0, 0, 12, 7144.31, 8533582, 252
1201, 95, 144, 177, 0, 0, 0.61%, 0, 0, 12, 7154.75, 8570488, 252
1206, 95, 170, 177, 0, 0, 0.61%, 0, 0, 12, 7079.29, 8605984, 252
1211, 96, 113, 177, 0, 0, 0.61%, 0, 0, 12, 7168.70, 8642770, 252
1216, 96, 155, 177, 0, 0, 0.61%, 0, 0, 12, 7143.82, 8680005, 252
1221, 97, 79, 177, 0, 0, 0.61%, 0, 0, 12, 7128.13, 8716494, 252
1227, 97, 141, 177, 0, 0, 0.61%, 0, 0, 12, 7154.51, 8753620, 252
1232, 97, 163, 177, 0, 0, 0.61%, 0, 0, 12, 7087.26, 8790254, 252
1237, 98, 109, 177, 0, 0, 0.61%, 0, 0, 12, 7171.30, 8827048, 252
1242, 98, 153, 177, 0, 0, 0.61%, 0, 0, 12, 7145.31, 8864100, 252
1247, 99, 74, 177, 0, 0, 0.61%, 0, 0, 12, 7092.82, 8899523, 252
1252, 99, 142, 177, 0, 0, 0.61%, 0, 0, 12, 7190.66, 8936787, 252
1257, 99, 164, 177, 0, 0, 0.61%, 0, 0, 12, 7064.74, 8973503, 252
1263, 100, 104, 177, 0, 0, 0.61%, 0, 0, 12, 7152.71, 9010350, 252
1268, 100, 151, 177, 0, 0, 0.61%, 0, 0, 12, 7150.33, 9047567, 252
1273, 101, 82, 177, 0, 0, 0.61%, 0, 0, 12, 7150.38, 9083405, 252
1278, 101, 142, 177, 0, 0, 0.61%, 0, 0, 12, 7194.92, 9120667, 252
1283, 101, 171, 177, 0, 0, 0.61%, 0, 0, 12, 7096.75, 9157434, 252
1288, 102, 133, 177, 0, 0, 0.61%, 0, 0, 12, 7185.36, 9194882, 252
1294, 102, 162, 177, 0, 0, 0.61%, 0, 0, 12, 7127.69, 9231994, 252
1299, 103, 113, 177, 0, 0, 0.61%, 0, 0, 12, 7199.09, 9269285, 252
1304, 103, 151, 177, 0, 0, 0.61%, 0, 0, 12, 7116.38, 9306404, 252
1309, 103, 171, 177, 0, 0, 0.61%, 0, 0, 12, 7059.25, 9343075, 252
1314, 104, 126, 177, 0, 0, 0.61%, 0, 0, 12, 7170.15, 9380060, 252
1320, 104, 158, 177, 0, 0, 0.61%, 0, 0, 12, 7153.97, 9416890, 252
1325, 105, 93, 177, 0, 0, 0.61%, 0, 0, 12, 7148.51, 9453729, 252
1330, 105, 143, 177, 0, 0, 0.61%, 0, 0, 12, 7148.72, 9490884, 252
1335, 105, 168, 177, 0, 0, 0.61%, 0, 0, 12, 7093.33, 9527498, 252
1340, 106, 129, 177, 0, 0, 0.61%, 0, 0, 12, 7177.76, 9564238, 252
1345, 106, 159, 177, 0, 0, 0.61%, 0, 0, 12, 7134.64, 9601184, 252
1351, 107, 93, 177, 0, 0, 0.61%, 0, 0, 12, 7136.36, 9637974, 252
1356, 107, 144, 177, 0, 0, 0.61%, 0, 0, 12, 7151.93, 9674785, 252
1361, 107, 175, 177, 0, 0, 0.61%, 0, 0, 12, 7086.78, 9711423, 252
1366, 108, 133, 177, 0, 0, 0.61%, 0, 0, 12, 7161.97, 9748212, 252
1371, 108, 159, 177, 0, 0, 0.61%, 0, 0, 12, 7056.99, 9784709, 252
1376, 109, 95, 177, 0, 0, 0.61%, 0, 0, 12, 7145.32, 9821517, 252
1381, 109, 143, 177, 0, 0, 0.61%, 0, 0, 12, 7120.00, 9857304, 252
1387, 109, 170, 177, 0, 0, 0.61%, 0, 0, 12, 7079.69, 9894071, 252
1392, 110, 132, 177, 0, 0, 0.61%, 0, 0, 12, 7190.87, 9931101, 252
1397, 110, 160, 177, 0, 0, 0.61%, 0, 0, 12, 7116.20, 9968035, 252
1402, 111, 108, 177, 0, 0, 0.61%, 0, 0, 12, 7155.55, 10004892, 252
1407, 111, 156, 177, 0, 0, 0.61%, 0, 0, 12, 7154.13, 10041991, 252
1412, 112, 86, 177, 0, 0, 0.61%, 0, 0, 12, 7124.85, 10078889, 252
1418, 112, 140, 177, 0, 0, 0.61%, 0, 0, 12, 7127.27, 10115837, 252
1423, 112, 168, 177, 0, 0, 0.61%, 0, 0, 12, 7063.02, 10152335, 252
1428, 113, 121, 178, 0, 0, 0.61%, 0, 0, 12, 7156.31, 10188206, 252
1433, 113, 151, 178, 0, 0, 0.61%, 0, 0, 12, 7075.90, 10223854, 252
1438, 113, 177, 178, 0, 0, 0.61%, 0, 0, 12, 7061.50, 10259784, 252
1443, 114, 136, 178, 0, 0, 0.61%, 0, 0, 12, 7173.56, 10297056, 252
1448, 114, 163, 178, 0, 0, 0.61%, 0, 0, 12, 7088.33, 10332621, 252
1453, 115, 99, 178, 0, 0, 0.61%, 0, 0, 12, 7138.54, 10369110, 252
1458, 115, 147, 178, 0, 0, 0.61%, 0, 0, 12, 7130.49, 10406302, 252
1464, 115, 172, 178, 0, 0, 0.61%, 0, 0, 12, 7088.47, 10442901, 252
1469, 116, 122, 178, 0, 0, 0.61%, 0, 0, 12, 7136.49, 10479863, 252
1474, 116, 155, 178, 0, 0, 0.61%, 0, 0, 12, 7121.46, 10516665, 252
1479, 117, 77, 178, 0, 0, 0.61%, 0, 0, 12, 7094.94, 10553019, 252
1484, 117, 140, 178, 0, 0, 0.61%, 0, 0, 12, 7166.64, 10590191, 252
1489, 117, 166, 178, 0, 0, 0.61%, 0, 0, 12, 7079.33, 10626977, 252
1495, 118, 120, 178, 0, 0, 0.61%, 0, 0, 12, 7175.73, 10664254, 252
1500, 118, 151, 178, 0, 0, 0.61%, 0, 0, 12, 7071.60, 10701123, 252
1505, 119, 71, 178, 0, 0, 0.61%, 0, 0, 12, 7095.25, 10736602, 252
1510, 119, 137, 178, 0, 0, 0.61%, 0, 0, 12, 7142.61, 10773821, 252
1515, 119, 160, 178, 0, 0, 0.61%, 0, 0, 12, 7047.09, 10810320, 252
1520, 120, 95, 178, 0, 0, 0.61%, 0, 0, 12, 7143.51, 10847482, 252
1526, 120, 145, 178, 0, 0, 0.61%, 0, 0, 12, 7134.84, 10884217, 252
1531, 120, 171, 178, 0, 0, 0.61%, 0, 0, 12, 7043.66, 10920862, 252
1536, 121, 129, 178, 0, 0, 0.61%, 0, 0, 12, 7153.74, 10957790, 252
1541, 121, 159, 178, 0, 0, 0.61%, 0, 0, 12, 7108.23, 10994427, 252
1546, 122, 96, 178, 0, 0, 0.61%, 0, 0, 12, 7151.08, 11031142, 252
1551, 122, 149, 178, 0, 0, 0.61%, 0, 0, 12, 7153.48, 11067057, 252
1556, 122, 170, 178, 0, 0, 0.61%, 0, 0, 12, 7068.29, 11102652, 252
1561, 123, 129, 178, 0, 0, 0.61%, 0, 0, 12, 7165.59, 11139633, 252
1567, 123, 154, 178, 0, 0, 0.61%, 0, 0, 12, 7063.39, 11176308, 252
1572, 123, 177, 178, 0, 0, 0.61%, 0, 0, 12, 7030.64, 11212775, 252
1577, 124, 135, 178, 0, 0, 0.61%, 0, 0, 12, 7139.77, 11249961, 252
1582, 124, 162, 178, 0, 0, 0.61%, 0, 0, 12, 7097.58, 11286848, 252
1587, 125, 95, 178, 0, 0, 0.61%, 0, 0, 12, 7124.71, 11322551, 252
1592, 125, 144, 178, 0, 0, 0.61%, 0, 0, 12, 7130.69, 11359724, 252
1598, 125, 172, 178, 0, 0, 0.61%, 0, 0, 12, 7086.57, 11396422, 252
1603, 126, 133, 178, 0, 0, 0.61%, 0, 0, 12, 7174.63, 11433687, 252
1608, 126, 164, 178, 0, 0, 0.61%, 0, 0, 12, 7122.40, 11470534, 252
1613, 127, 97, 178, 0, 0, 0.61%, 0, 0, 12, 7125.38, 11507367, 252
1618, 127, 151, 178, 0, 0, 0.61%, 0, 0, 12, 7105.65, 11544157, 252
1623, 127, 177, 178, 0, 0, 0.61%, 0, 0, 12, 7081.74, 11580616, 252
1629, 128, 140, 178, 0, 0, 0.61%, 0, 0, 12, 7200.19, 11618118, 252
1634, 128, 161, 178, 0, 0, 0.61%, 0, 0, 12, 7064.45, 11654666, 252
1639, 129, 95, 178, 0, 0, 0.61%, 0, 0, 12, 7119.09, 11691528, 252
1644, 129, 149, 178, 0, 0, 0.61%, 0, 0, 12, 7146.16, 11728703, 252
1649, 129, 176, 178, 0, 0, 0.61%, 0, 0, 12, 7080.77, 11764233, 252
1654, 130, 134, 178, 0, 0, 0.61%, 0, 0, 12, 7201.05, 11800427, 252
1659, 130, 159, 178, 0, 0, 0.61%, 0, 0, 12, 7084.12, 11837115, 252
1665, 131, 82, 178, 0, 0, 0.61%, 0, 0, 12, 7065.15, 11873749, 252
1670, 131, 144, 178, 0, 0, 0.61%, 0, 0, 12, 7035.41, 11910583, 252
1675, 131, 170, 178, 0, 0, 0.61%, 0, 0, 12, 6978.00, 11946727, 252
1680, 132, 132, 178, 0, 0, 0.61%, 0, 0, 12, 7142.93, 11983662, 252
1685, 132, 159, 178, 0, 0, 0.61%, 0, 0, 12, 6989.25, 12018374, 252
1690, 133, 84, 178, 0, 0, 0.61%, 0, 0, 12, 7042.57, 12054621, 252
1695, 133, 143, 178, 0, 0, 0.61%, 0, 0, 12, 7095.61, 12091234, 252
1701, 133, 167, 178, 0, 0, 0.61%, 0, 0, 12, 6953.45, 12127057, 252
1706, 134, 107, 178, 0, 0, 0.61%, 0, 0, 12, 6970.35, 12163179, 252
1711, 134, 144, 178, 0, 0, 0.61%, 0, 0, 12, 6990.72, 12199346, 252
1716, 134, 169, 178, 0, 0, 0.61%, 0, 0, 12, 6907.57, 12233753, 252
1721, 135, 125, 178, 0, 0, 0.61%, 0, 0, 12, 6993.41, 12270094, 252
1726, 135, 152, 178, 0, 0, 0.61%, 0, 0, 12, 7049.95, 12306288, 252
1732, 135, 177, 178, 0, 0, 0.61%, 0, 0, 12, 6924.53, 12341850, 252
1737, 136, 136, 178, 0, 0, 0.61%, 0, 0, 12, 7131.76, 12378930, 252
1742, 136, 162, 178, 0, 0, 0.61%, 0, 0, 12, 7075.53, 12414296, 252
1747, 137, 93, 178, 0, 0, 0.61%, 0, 0, 12, 7105.38, 12450149, 252
1752, 137, 145, 178, 0, 0, 0.61%, 0, 0, 12, 7114.80, 12487309, 252
1757, 137, 173, 178, 0, 0, 0.61%, 0, 0, 12, 7066.17, 12523866, 252
1762, 138, 134, 178, 0, 0, 0.61%, 0, 0, 12, 7172.89, 12561103, 252
1768, 138, 162, 178, 0, 0, 0.61%, 0, 0, 12, 7099.46, 12597812, 252
1773, 139, 93, 178, 0, 0, 0.61%, 0, 0, 12, 7120.79, 12634519, 252
1778, 139, 149, 178, 0, 0, 0.61%, 0, 0, 12, 7129.62, 12671474, 252
1783, 139, 168, 178, 0, 0, 0.61%, 0, 0, 12, 7038.09, 12707488, 252
1788, 140, 113, 178, 0, 0, 0.61%, 0, 0, 12, 7127.68, 12744079, 252
1793, 140, 151, 178, 0, 0, 0.61%, 0, 0, 12, 7106.99, 12780924, 252
1798, 141, 85, 178, 0, 0, 0.61%, 0, 0, 12, 7128.08, 12817420, 252
1804, 141, 134, 249, 71, 0, 0.65%, 0, 0, 12, 7225.60, 12854850, 269
1809, 141, 199, 249, 69, 6, 0.65%, 0, 0, 12, 7042.07, 12891259, 269
1814, 141, 241, 249, 61, 0, 0.65%, 0, 0, 12, 6683.89, 12924490, 269
1819, 142, 252, 270, 79, 10, 0.87%, 0, 0, 12, 5919.37, 12954539, 361
1824, 142, 258, 281, 88, 13, 0.98%, 0, 0, 12, 5455.65, 12981994, 405
1829, 142, 261, 319, 124, 27, 1.11%, 0, 0, 12, 5635.02, 13010634, 459
1834, 142, 263, 325, 128, 32, 1.18%, 0, 0, 12, 5587.31, 13038799, 490
1839, 142, 274, 492, 292, 102, 2.48%, 0, 0, 12, 5514.99, 13066748, 1029
1844, 142, 286, 545, 341, 108, 2.54%, 0, 0, 12, 5409.26, 13094304, 1051
1849, 142, 291, 574, 367, 109, 2.65%, 0, 0, 12, 5611.78, 13122840, 1097
1854, 142, 310, 592, 376, 107, 2.70%, 0, 0, 12, 5440.18, 13150049, 1118
1860, 142, 316, 611, 393, 112, 2.74%, 0, 0, 12, 5551.04, 13178344, 1134
1865, 142, 327, 651, 425, 115, 2.88%, 0, 0, 12, 5437.74, 13205220, 1194
1870, 142, 342, 692, 461, 112, 2.95%, 0, 0, 12, 5648.62, 13233553, 1224
1875, 142, 342, 712, 481, 112, 2.98%, 0, 0, 12, 5709.86, 13262965, 1235
1880, 142, 352, 791, 558, 127, 3.18%, 0, 0, 12, 5616.05, 13292103, 1319
1885, 142, 352, 838, 605, 127, 3.20%, 0, 0, 12, 5613.84, 13320768, 1328
1890, 142, 377, 864, 628, 158, 3.23%, 0, 0, 12, 5586.97, 13349459, 1338
1895, 142, 381, 887, 650, 158, 3.28%, 0, 0, 12, 5436.05, 13377145, 1360
1900, 142, 384, 893, 654, 161, 3.29%, 0, 0, 12, 5443.97, 13404997, 1362
1906, 142, 399, 907, 666, 159, 3.29%, 0, 0, 12, 5445.42, 13433164, 1365
1911, 142, 408, 914, 672, 161, 3.31%, 0, 0, 12, 5441.27, 13460797, 1372
1916, 142, 413, 931, 687, 160, 3.33%, 0, 0, 12, 5680.66, 13489827, 1380
1921, 142, 413, 933, 689, 160, 3.33%, 0, 0, 12, 5749.09, 13519773, 1380
1926, 142, 426, 940, 693, 160, 3.33%, 0, 0, 12, 5638.42, 13549024, 1381
1931, 142, 428, 952, 704, 161, 3.34%, 0, 0, 12, 5599.22, 13577046, 1383
1936, 142, 448, 957, 706, 158, 3.34%, 0, 0, 12, 5439.48, 13605136, 1383
1941, 142, 457, 962, 707, 155, 3.35%, 0, 0, 12, 5551.98, 13633167, 1387
1946, 142, 459, 964, 707, 154, 3.35%, 0, 0, 12, 5555.50, 13661692, 1387
1952, 142, 459, 966, 709, 154, 3.35%, 0, 0, 12, 5583.48, 13690788, 1387
1957, 142, 473, 968, 707, 151, 3.35%, 0, 0, 12, 5527.24, 13718524, 1388
1962, 142, 506, 976, 709, 146, 3.35%, 0, 0, 12, 5534.16, 13746669, 1388
1967, 142, 519, 980, 710, 143, 3.35%, 0, 0, 12, 5593.25, 13775045, 1388
1972, 142, 559, 985, 706, 136, 3.37%, 0, 0, 12, 5600.11, 13803144, 1397
1977, 142, 572, 989, 702, 132, 3.38%, 0, 0, 12, 5642.33, 13831506, 1399
1982, 142, 575, 997, 708, 130, 3.39%, 0, 0, 12, 5683.59, 13860635, 1407
1987, 142, 576, 997, 707, 134, 3.39%, 0, 0, 12, 5577.83, 13889622, 1407
1992, 142, 579, 1005, 714, 134, 3.40%, 0, 0, 12, 4513.12, 13911267, 1408
1997, 142, 587, 1006, 713, 134, 3.40%, 0, 0, 12, 4543.64, 13934025, 1408
2003, 142, 593, 1044, 749, 137, 3.79%, 0, 0, 12, 5429.53, 13963354, 1569
2008, 142, 613, 1061, 760, 152, 3.84%, 0, 0, 12, 5410.58, 13991300, 1590
2013, 142, 628, 1082, 777, 149, 3.84%, 0, 0, 12, 5268.44, 14017724, 1593
2018, 142, 650, 1117, 806, 158, 3.96%, 0, 0, 12, 5434.31, 14046521, 1642
2023, 142, 661, 1129, 811, 156, 3.98%, 0, 0, 12, 5551.89, 14074668, 1649
2028, 142, 693, 1133, 809, 149, 3.98%, 0, 0, 12, 5701.38, 14103666, 1650
2033, 142, 694, 1138, 813, 148, 3.98%, 0, 0, 12, 5725.04, 14133385, 1650
2038, 142, 711, 1147, 817, 145, 3.99%, 0, 0, 12, 5716.03, 14162182, 1654
2043, 142, 720, 1160, 828, 144, 4.02%, 0, 0, 12, 5594.58, 14190963, 1667
2049, 142, 720, 1182, 850, 144, 4.03%, 0, 0, 12, 5554.30, 14219242, 1669
2054, 142, 732, 1188, 855, 153, 4.03%, 0, 0, 12, 5565.20, 14248076, 1669
2059, 142, 737, 1190, 852, 148, 4.03%, 0, 0, 12, 5542.08, 14275983, 1669
2064, 142, 741, 1193, 852, 145, 4.03%, 0, 0, 12, 5544.38, 14304037, 1669
2069, 142, 747, 1198, 854, 142, 4.03%, 0, 0, 12, 5551.53, 14332002, 1671
2074, 142, 757, 1216, 870, 141, 4.05%, 0, 0, 12, 5551.08, 14360312, 1679
2079, 142, 769, 1220, 871, 148, 4.06%, 0, 0, 12, 5521.19, 14388205, 1681
2084, 142, 775, 1223, 871, 145, 4.06%, 0, 0, 12, 5449.26, 14415604, 1682
2089, 142, 812, 1225, 867, 142, 4.06%, 0, 0, 12, 5467.57, 14443146, 1682
2094, 142, 816, 1237, 878, 141, 4.06%, 0, 0, 12, 5539.49, 14471388, 1683
2099, 142, 834, 1244, 879, 139, 4.07%, 0, 0, 12, 5524.92, 14499970, 1685
2105, 142, 834, 1249, 884, 139, 4.07%, 0, 0, 12, 5565.33, 14528758, 1686
2110, 142, 847, 1249, 880, 134, 4.07%, 0, 0, 12, 5501.61, 14556745, 1686
2115, 142, 871, 1254, 881, 130, 4.07%, 0, 0, 12, 5446.91, 14584295, 1686
2120, 142, 896, 1257, 879, 127, 4.07%, 0, 0, 12, 5524.73, 14612281, 1687
2125, 142, 911, 1259, 876, 123, 4.07%, 0, 0, 12, 5465.54, 14639624, 1687
2130, 142, 924, 1261, 872, 118, 4.07%, 0, 0, 12, 5571.13, 14667843, 1687
2135, 142, 943, 1264, 870, 114, 4.07%, 0, 0, 12, 5512.00, 14695657, 1687
2140, 142, 970, 1266, 867, 109, 4.07%, 0, 0, 12, 5550.07, 14723541, 1687
2145, 142, 992, 1272, 864, 103, 4.08%, 0, 0, 12, 5555.20, 14751520, 1693
2150, 142, 1015, 1291, 877, 100, 4.09%, 0, 0, 12, 5548.84, 14780149, 1697
2155, 142, 1015, 1298, 884, 100, 4.10%, 0, 0, 12, 5601.60, 14809112, 1699
2160, 142, 1024, 1315, 899, 103, 4.27%, 0, 0, 12, 5571.85, 14837484, 1768
2166, 142, 1024, 1333, 917, 103, 4.30%, 0, 0, 12, 5521.00, 14866041, 1783
2171, 142, 1027, 1370, 953, 114, 4.37%, 0, 0, 12, 5513.03, 14894671, 1812
2176, 142, 1048, 1381, 958, 113, 4.44%, 0, 0, 12, 5438.00, 14923241, 1842
2181, 142, 1058, 1398, 971, 113, 4.46%, 0, 0, 12, 5407.70, 14950444, 1847
2186, 142, 1058, 1405, 978, 113, 4.46%, 0, 0, 12, 5323.21, 14977683, 1847
2191, 142, 1065, 1412, 983, 113, 4.46%, 0, 0, 12, 5294.62, 15004909, 1847
2196, 142, 1092, 1433, 1001, 111, 4.49%, 0, 0, 12, 5599.95, 15033630, 1863
2201, 142, 1095, 1455, 1021, 119, 4.50%, 0, 0, 12, 5546.77, 15062329, 1867
2207, 142, 1095, 1461, 1027, 119, 4.51%, 0, 0, 12, 5535.99, 15090861, 1868
2212, 142, 1113, 1476, 1037, 114, 4.51%, 0, 0, 12, 5583.41, 15118931, 1871
2217, 142, 1113, 1483, 1044, 114, 4.51%, 0, 0, 12, 5628.70, 15147866, 1871
2222, 142, 1119, 1487, 1043, 111, 4.53%, 0, 0, 12, 5584.74, 15176063, 1878
2227, 142, 1137, 1489, 1039, 107, 4.59%, 0, 0, 12, 5545.81, 15203980, 1903
2232, 142, 1153, 1492, 1037, 104, 4.60%, 0, 0, 12, 5508.16, 15231682, 1905
2237, 142, 1159, 1497, 1039, 101, 4.60%, 0, 0, 12, 5514.57, 15259382, 1907
2242, 142, 1162, 1503, 1044, 101, 4.60%, 0, 0, 12, 5574.80, 15288007, 1907
2247, 142, 1181, 1506, 1046, 101, 4.60%, 0, 0, 12, 5535.98, 15315900, 1908
2252, 142, 1194, 1512, 1051, 100, 4.60%, 0, 0, 12, 5544.51, 15344049, 1908
2257, 142, 1196, 1518, 1056, 101, 4.60%, 0, 0, 12, 5589.71, 15372865, 1908
2262, 142, 1200, 1520, 1056, 101, 4.62%, 0, 0, 12, 5541.81, 15400842, 1913
2268, 142, 1210, 1524, 1057, 100, 4.64%, 0, 0, 12, 5526.44, 15429041, 1922
2273, 142, 1210, 1526, 1059, 100, 4.64%, 0, 0, 12, 5560.71, 15457701, 1922
2278, 142, 1214, 1529, 1059, 98, 4.64%, 0, 0, 12, 5554.30, 15486557, 1923
2283, 142, 1216, 1533, 1062, 97, 4.65%, 0, 0, 12, 5598.69, 15515426, 1926
2288, 142, 1222, 1536, 1063, 98, 4.65%, 0, 0, 12, 5565.37, 15543854, 1927
2293, 142, 1231, 1540, 1064, 96, 4.65%, 0, 0, 12, 5574.23, 15572592, 1927
2298, 142, 1234, 1545, 1066, 93, 4.65%, 0, 0, 12, 5551.23, 15600603, 1928
2303, 142, 1239, 1549, 1069, 96, 4.65%, 0, 0, 12, 5574.65, 15629380, 1928
2309, 142, 1239, 1553, 1073, 96, 4.65%, 0, 0, 12, 5564.51, 15658217, 1928
2314, 142, 1267, 1557, 1072, 93, 4.65%, 0, 0, 12, 5524.95, 15686065, 1929
2319, 142, 1271, 1571, 1084, 93, 4.68%, 0, 0, 12, 5618.46, 15714509, 1939
2324, 142, 1277, 1575, 1087, 99, 4.68%, 0, 0, 12, 5649.22, 15743657, 1940
2329, 142, 1292, 1581, 1088, 98, 4.69%, 0, 0, 12, 5570.19, 15772117, 1942
2334, 142, 1302, 1616, 1119, 94, 4.81%, 0, 0, 12, 5520.52, 15799865, 1995
2339, 142, 1302, 1620, 1123, 94, 4.83%, 0, 0, 12, 5515.27, 15828412, 2001
2344, 142, 1320, 1659, 1158, 123, 4.93%, 0, 0, 12, 5580.14, 15856408, 2042
2349, 142, 1320, 1662, 1161, 123, 4.93%, 0, 0, 12, 5660.20, 15885550, 2043
2354, 142, 1334, 1667, 1161, 153, 4.94%, 0, 0, 12, 5532.11, 15913451, 2048
2360, 142, 1339, 1709, 1202, 155, 4.98%, 0, 0, 12, 5458.75, 15941329, 2064
2365, 142, 1343, 1722, 1214, 158, 4.98%, 0, 0, 12, 5406.01, 15968614, 2065
2370, 142, 1359, 1735, 1224, 155, 4.99%, 0, 0, 12, 5433.16, 15995939, 2068
2375, 142, 1379, 1772, 1257, 152, 5.10%, 0, 0, 12, 5491.48, 16023527, 2112
2380, 142, 1379, 1786, 1271, 152, 5.13%, 0, 0, 12, 5506.17, 16051455, 2128
2385, 142, 1387, 1795, 1278, 165, 5.14%, 0, 0, 12, 5473.20, 16079265, 2131
2390, 142, 1436, 1807, 1287, 166, 5.15%, 0, 0, 12, 5362.96, 16105656, 2135
2395, 142, 1464, 1809, 1284, 165, 5.15%, 0, 0, 12, 5517.78, 16133583, 2136
2400, 142, 1471, 1815, 1284, 159, 5.15%, 0, 0, 12, 5584.37, 16162045, 2136
2405, 142, 1479, 1823, 1288, 156, 5.16%, 0, 0, 12, 5624.46, 16190794, 2137
2410, 142, 1487, 1836, 1297, 158, 5.34%, 0, 0, 12, 5603.28, 16219879, 2213
2415, 142, 1494, 1842, 1300, 158, 5.35%, 0, 0, 12, 5531.22, 16248374, 2216
2420, 142, 1500, 1844, 1300, 160, 5.35%, 0, 0, 12, 5591.12, 16276447, 2217
2425, 142, 1504, 1851, 1305, 158, 5.35%, 0, 0, 12, 5581.49, 16304861, 2217
2431, 142, 1508, 1852, 1305, 160, 5.35%, 0, 0, 12, 5602.11, 16333730, 2217
2436, 142, 1518, 1861, 1311, 158, 5.36%, 0, 0, 12, 5489.36, 16361992, 2221
2441, 142, 1520, 1869, 1317, 158, 5.38%, 0, 0, 12, 5685.79, 16391341, 2228
2446, 142, 1526, 1874, 1321, 157, 5.38%, 0, 0, 12, 5642.77, 16419674, 2228
2451, 142, 1532, 1877, 1321, 155, 5.38%, 0, 0, 12, 5591.29, 16447726, 2228
2456, 142, 1544, 1880, 1322, 153, 5.38%, 0, 0, 12, 5554.33, 16476044, 2229
2461, 142, 1555, 1883, 1321, 151, 5.38%, 0, 0, 12, 5549.93, 16504225, 2229
2466, 142, 1565, 1890, 1324, 152, 5.39%, 0, 0, 12, 5598.36, 16532412, 2234
2471, 142, 1575, 1897, 1326, 148, 5.39%, 0, 0, 12, 5621.86, 16560782, 2234
2476, 142, 1587, 1901, 1323, 142, 5.39%, 0, 0, 12, 5434.17, 16588828, 2235
2482, 142, 1600, 1907, 1324, 138, 5.40%, 0, 0, 12, 5388.76, 16616163, 2237
2487, 142, 1616, 1909, 1318, 130, 5.40%, 0, 0, 12, 5365.01, 16643646, 2239
2492, 142, 1626, 1914, 1317, 125, 5.40%, 0, 0, 12, 5489.42, 16671490, 2240
2497, 142, 1634, 1915, 1310, 118, 5.40%, 0, 0, 12, 5569.31, 16700417, 2240
2502, 142, 1643, 1915, 1301, 109, 5.40%, 0, 0, 12, 5641.10, 16729806, 2240
2507, 142, 1651, 1915, 1293, 101, 5.40%, 0, 0, 12, 5668.26, 16758202, 2240
2512, 142, 1656, 1920, 1293, 98, 5.42%, 0, 0, 12, 5513.82, 16786916, 2246
2517, 142, 1656, 1923, 1296, 98, 5.43%, 0, 0, 12, 5420.77, 16814399, 2249
2522, 142, 1682, 1940, 1310, 101, 5.46%, 0, 0, 12, 5441.80, 16841755, 2262
2528, 142, 1694, 1946, 1315, 109, 5.46%, 0, 0, 12, 5458.53, 16869769, 2263
2533, 142, 1702, 1958, 1323, 106, 5.48%, 0, 0, 12, 5428.81, 16897048, 2272
2538, 142, 1714, 1965, 1325, 105, 5.49%, 0, 0, 12, 5437.59, 16924412, 2274
2543, 142, 1739, 1971, 1325, 100, 5.49%, 0, 0, 12, 5466.46, 16951816, 2275
2548, 142, 1761, 1984, 1334, 99, 5.54%, 0, 0, 12, 5454.90, 16979351, 2296
2553, 142, 1763, 2022, 1371, 98, 5.55%, 0, 0, 12, 5398.17, 17007210, 2299
2558, 142, 1769, 2035, 1382, 104, 5.55%, 0, 0, 12, 5299.48, 17033774, 2300
2563, 142, 1780, 2051, 1396, 105, 5.60%, 0, 0, 12, 5331.48, 17060931, 2322
2568, 142, 1781, 2062, 1406, 106, 5.60%, 0, 0, 12, 5325.35, 17088138, 2322
2573, 142, 1800, 2065, 1405, 102, 5.60%, 0, 0, 12, 5397.82, 17115657, 2322
2578, 142, 1806, 2074, 1409, 98, 5.60%, 0, 0, 12, 5391.59, 17143400, 2323
2584, 142, 1825, 2084, 1414, 101, 5.64%, 0, 0, 12, 5476.07, 17172054, 2337
2589, 142, 1834, 2087, 1411, 97, 5.65%, 0, 0, 12, 5578.89, 17200156, 2340
2594, 142, 1839, 2089, 1409, 93, 5.65%, 0, 0, 12, 5544.94, 17228560, 2340
2599, 142, 1842, 2091, 1409, 91, 5.65%, 0, 0, 12, 5537.56, 17256688, 2341
2604, 142, 1855, 2091, 1404, 87, 5.65%, 0, 0, 12, 5549.70, 17284613, 2341
2609, 142, 1863, 2098, 1409, 85, 5.71%, 0, 0, 12, 917.39, 17295997, 2368
2614, 142, 1863, 2098, 1409, 85, 5.71%, 0, 0, 12, 887.76, 17300410, 2368
2619, 142, 1863, 2098, 1409, 85, 5.71%, 0, 0, 12, 881.31, 17304898, 2368
2624, 142, 1863, 2098, 1409, 85, 5.71%, 0, 0, 12, 879.66, 17309386, 2368
2629, 142, 1863, 2101, 1412, 85, 5.71%, 0, 0, 12, 1131.76, 17314716, 2368
2634, 142, 1863, 2128, 1439, 85, 5.71%, 0, 0, 12, 1603.11, 17325014, 2368
2639, 142, 1863, 2136, 1447, 85, 5.71%, 0, 0, 12, 1401.34, 17331802, 2368
2644, 142, 1863, 2139, 1450, 85, 5.71%, 0, 0, 12, 1373.38, 17338692, 2368
2649, 142, 1863, 2139, 1450, 85, 5.71%, 0, 0, 12, 1368.61, 17345820, 2368
2655, 142, 1879, 2141, 1449, 85, 5.71%, 0, 0, 12, 3984.95, 17365959, 2368
2660, 142, 1887, 2150, 1452, 81, 5.73%, 0, 0, 12, 5258.45, 17394646, 2374
2665, 142, 1903, 2158, 1456, 77, 5.73%, 0, 0, 12, 5427.88, 17422314, 2375
2670, 142, 1903, 2161, 1459, 77, 5.73%, 0, 0, 12, 5485.40, 17450858, 2376
2675, 142, 1918, 2163, 1454, 73, 5.73%, 0, 0, 12, 5478.61, 17478410, 2376
2680, 142, 1921, 2166, 1454, 70, 5.73%, 0, 0, 12, 5357.98, 17505970, 2376
2685, 142, 1931, 2169, 1451, 66, 5.74%, 0, 0, 12, 5334.27, 17533683, 2380
2690, 142, 1955, 2172, 1447, 59, 5.74%, 0, 0, 12, 5452.92, 17561358, 2380
2696, 142, 1968, 2185, 1457, 58, 5.74%, 0, 0, 12, 5442.91, 17589121, 2380
2701, 142, 1987, 2187, 1454, 54, 5.74%, 0, 0, 12, 5394.42, 17616947, 2381
2706, 142, 2016, 2190, 1452, 49, 5.74%, 0, 0, 12, 5028.21, 17642900, 2381
2711, 142, 2018, 2206, 1467, 48, 5.75%, 0, 0, 12, 5259.93, 17669683, 2383
2716, 142, 2027, 2208, 1467, 51, 5.75%, 0, 0, 12, 5362.39, 17697079, 2383
2721, 142, 2045, 2212, 1467, 49, 5.75%, 0, 0, 12, 5312.64, 17724527, 2383
2726, 142, 2052, 2219, 1471, 46, 5.75%, 0, 0, 12, 5099.17, 17749534, 2383
2731, 142, 2052, 2221, 1473, 46, 5.75%, 0, 0, 12, 5187.34, 17776222, 2383
2736, 142, 2074, 2236, 1485, 44, 5.77%, 0, 0, 12, 5371.75, 17803235, 2392
2741, 142, 2074, 2240, 1489, 44, 5.77%, 0, 0, 12, 5603.26, 17832010, 2392
2747, 142, 2083, 2240, 1482, 43, 5.77%, 0, 0, 12, 5499.28, 17860485, 2392
2752, 142, 2092, 2241, 1478, 39, 5.77%, 0, 0, 12, 905.04, 17881464, 2393
2757, 142, 2092, 2241, 1478, 39, 5.77%, 0, 0, 12, 895.28, 17886172, 2393
2762, 142, 2092, 2241, 1478, 39, 5.77%, 0, 0, 12, 879.74, 17890660, 2393
2767, 142, 2092, 2241, 1478, 39, 5.77%, 0, 0, 12, 878.82, 17895148, 2393
2772, 142, 2092, 2241, 1478, 39, 5.77%, 0, 0, 12, 877.94, 17899636, 2393
2777, 142, 2096, 2241, 1477, 38, 5.77%, 0, 0, 12, 709.26, 17903585, 2393
2782, 142, 2096, 2242, 1478, 38, 5.77%, 0, 0, 12, 527.48, 17906082, 2393
2788, 142, 2096, 2242, 1478, 38, 5.77%, 0, 0, 12, 479.54, 17908461, 2393
2793, 142, 2096, 2242, 1478, 38, 5.77%, 0, 0, 12, 469.32, 17910837, 2393
2798, 142, 2096, 2242, 1478, 38, 5.77%, 0, 0, 12, 467.09, 17913213, 2393
2803, 142, 2096, 2242, 1478, 38, 5.77%, 0, 0, 12, 466.41, 17915589, 2393
2808, 142, 2096, 2242, 1478, 38, 5.77%, 0, 0, 12, 466.05, 17917965, 2393
2813, 142, 2096, 2242, 1478, 38, 5.77%, 0, 0, 12, 465.93, 17920341, 2393
2818, 142, 2096, 2253, 1489, 38, 5.77%, 0, 0, 12, 2300.04, 17923575, 2393
2823, 142, 2096, 2254, 1490, 38, 5.77%, 0, 0, 12, 1026.76, 17926954, 2393
2828, 142, 2096, 2254, 1490, 38, 5.77%, 0, 0, 12, 725.14, 17930258, 2393
2834, 142, 2148, 2271, 1503, 37, 5.78%, 0, 0, 12, 5414.98, 17956428, 2395
2839, 142, 2148, 2274, 1506, 37, 5.78%, 0, 0, 12, 5318.79, 17983337, 2395
2844, 142, 2152, 2279, 1510, 37, 5.78%, 0, 0, 12, 5306.88, 18010407, 2395
2849, 142, 2158, 2284, 1513, 35, 5.78%, 0, 0, 12, 5339.20, 18037352, 2395
2854, 142, 2160, 2298, 1526, 36, 5.79%, 0, 0, 12, 5425.07, 18065160, 2399
2859, 142, 2162, 2305, 1532, 40, 5.79%, 0, 0, 12, 5395.56, 18093247, 2401
2864, 142, 2196, 2307, 1526, 34, 5.79%, 0, 0, 12, 5366.25, 18121176, 2401
2870, 142, 2209, 2314, 1529, 32, 5.80%, 0, 0, 12, 5328.64, 18148903, 2402
2875, 142, 2232, 2317, 1525, 26, 5.80%, 0, 0, 12, 5432.97, 18176902, 2404
2880, 142, 2255, 2320, 1522, 22, 5.80%, 0, 0, 13, 3972.14, 18199300, 2405
2885, 142, 2287, 2323, 1520, 19, 5.80%, 0, 0, 13, 5099.74, 18227103, 2405
2890, 142, 2307, 2326, 1516, 13, 5.80%, 0, 0, 13, 5362.46, 18255210, 2405
2896, 142, 2322, 2332, 1517, 8, 5.80%, 0, 0, 14, 5357.13, 18283187, 2405
2901, 143, 706, 2336, 1513, 6, 5.80%, 0, 0, 15, 5450.12, 18311265, 2405
2906, 143, 1260, 2336, 1506, 3, 5.80%, 0, 0, 15, 5556.03, 18339443, 2405
2911, 143, 1614, 2336, 1500, 0, 5.80%, 0, 0, 15, 5455.21, 18366770, 2405
2916, 143, 1628, 2336, 1499, 0, 5.80%, 0, 0, 15, 5528.48, 18394731, 2405
2921, 143, 1636, 2337, 1500, 0, 5.80%, 0, 0, 15, 5659.57, 18423241, 2405
2926, 143, 1644, 2337, 1500, 0, 5.80%, 0, 0, 15, 5635.71, 18451627, 2405
2931, 143, 1653, 2337, 1500, 0, 5.80%, 0, 0, 15, 5673.29, 18481141, 2405
2936, 143, 1670, 2350, 1510, 0, 5.80%, 0, 0, 15, 5474.58, 18508715, 2405
2941, 143, 1689, 2357, 1513, 0, 5.80%, 0, 0, 15, 5383.62, 18535576, 2405
2946, 143, 1710, 2357, 1510, 0, 5.80%, 0, 0, 15, 5387.78, 18563625, 2405
2951, 143, 1726, 2358, 1507, 0, 5.80%, 0, 0, 15, 5381.04, 18590460, 2405
2957, 143, 1745, 2359, 1504, 0, 5.80%, 0, 0, 15, 5368.33, 18618281, 2405
2962, 143, 1763, 2359, 1497, 0, 5.80%, 0, 0, 15, 5344.29, 18645089, 2405
2967, 143, 1781, 2359, 1492, 0, 5.80%, 0, 0, 15, 5318.00, 18672737, 2405
2972, 143, 1802, 2361, 1493, 0, 5.80%, 0, 0, 15, 5187.12, 18698620, 2405
2977, 143, 1812, 2364, 1494, 0, 5.80%, 0, 0, 15, 5442.68, 18726391, 2405
2982, 143, 2364, 2374, 1498, 1, 5.80%, 0, 0, 15, 5022.37, 18751304, 2406
2987, 144, 245, 2374, 1481, 0, 5.80%, 0, 0, 15, 6413.24, 18784129, 2406
2992, 144, 284, 2376, 1475, 0, 5.80%, 0, 0, 15, 5588.66, 18811206, 2406
2997, 144, 316, 2377, 1474, 0, 5.80%, 0, 0, 15, 5510.85, 18839050, 2406
3002, 144, 336, 2377, 1472, 0, 5.80%, 0, 0, 15, 5570.91, 18867887, 2406
3007, 144, 369, 2377, 1463, 0, 5.80%, 0, 0, 15, 5571.44, 18895862, 2406
3013, 144, 389, 2377, 1457, 0, 5.80%, 0, 0, 15, 5555.18, 18923725, 2406
3018, 144, 429, 2377, 1453, 0, 5.80%, 0, 0, 15, 5586.97, 18951875, 2406
3023, 144, 469, 2377, 1447, 0, 5.80%, 0, 0, 15, 5597.54, 18980742, 2406
3028, 144, 507, 2377, 1443, 0, 5.80%, 0, 0, 15, 5433.68, 19008791, 2406
3033, 144, 547, 2379, 1440, 0, 5.80%, 0, 0, 15, 5412.20, 19036239, 2406
3038, 144, 572, 2379, 1437, 0, 5.80%, 0, 0, 15, 5535.78, 19064239, 2406
3043, 144, 596, 2379, 1431, 0, 5.80%, 0, 0, 15, 5282.39, 19091139, 2406
3048, 144, 624, 2379, 1423, 0, 5.80%, 0, 0, 15, 5355.53, 19118489, 2406
3053, 144, 796, 2380, 1419, 1, 5.80%, 0, 0, 15, 5487.72, 19146906, 2406
3058, 144, 2379, 2380, 1414, 1, 5.80%, 0, 0, 15, 5410.67, 19174279, 2406
3064, 145, 275, 2380, 1405, 0, 5.80%, 0, 0, 15, 5857.24, 19205950, 2406
3069, 145, 316, 2382, 1405, 0, 5.80%, 0, 0, 15, 5579.04, 19234689, 2406
3074, 145, 349, 2382, 1404, 0, 5.80%, 0, 0, 15, 5559.61, 19263339, 2406
3079, 145, 393, 2382, 1401, 0, 5.80%, 0, 0, 15, 5602.99, 19292414, 2406
3084, 145, 424, 2382, 1395, 0, 5.80%, 0, 0, 15, 5583.83, 19321226, 2406
3089, 145, 457, 2382, 1391, 0, 5.80%, 0, 0, 15, 5534.84, 19349525, 2406
3095, 145, 493, 2385, 1389, 0, 5.80%, 0, 0, 15, 5437.81, 19377910, 2406
3100, 145, 527, 2385, 1383, 0, 5.80%, 0, 0, 15, 5518.78, 19406306, 2406
3105, 145, 561, 2385, 1379, 0, 5.80%, 0, 0, 15, 5417.17, 19434032, 2406
3110, 145, 1176, 2390, 1378, 1, 5.80%, 0, 0, 15, 5454.63, 19461528, 2406
3115, 145, 1913, 2397, 1382, 1, 5.80%, 0, 0, 15, 5407.41, 19489033, 2406
3120, 145, 2380, 2401, 1383, 1, 5.80%, 0, 0, 15, 5433.14, 19516156, 2406
3125, 145, 2393, 2410, 1389, 1, 5.81%, 0, 0, 15, 4338.91, 19535195, 2407
3130, 146, 202, 2411, 1383, 0, 5.81%, 0, 0, 15, 5684.81, 19563775, 2408
3135, 146, 284, 2411, 1374, 0, 5.81%, 0, 0, 15, 5625.23, 19592536, 2408
3141, 146, 309, 2411, 1369, 0, 5.81%, 0, 0, 15, 5568.84, 19621275, 2408
3146, 146, 332, 2411, 1367, 0, 5.81%, 0, 0, 15, 5541.66, 19649825, 2408
3151, 146, 403, 2411, 1363, 0, 5.81%, 0, 0, 15, 5552.31, 19678346, 2408
3156, 146, 437, 2411, 1359, 0, 5.81%, 0, 0, 15, 5491.32, 19706056, 2408
3161, 146, 458, 2411, 1355, 0, 5.81%, 0, 0, 15, 5515.57, 19733836, 2408
3166, 146, 493, 2411, 1350, 0, 5.81%, 0, 0, 15, 5498.79, 19761425, 2408
3171, 146, 526, 2411, 1345, 0, 5.81%, 0, 0, 15, 5470.54, 19788987, 2408
3176, 146, 565, 2411, 1342, 0, 5.81%, 0, 0, 15, 5437.88, 19815750, 2408
3181, 146, 734, 2414, 1342, 2, 5.81%, 0, 0, 15, 5369.27, 19842671, 2408
3186, 146, 1336, 2414, 1335, 2, 5.81%, 0, 0, 15, 5388.40, 19869779, 2408
3191, 147, 377, 2415, 1329, 0, 5.81%, 0, 0, 15, 5398.57, 19897654, 2408
3196, 147, 421, 2415, 1328, 0, 5.81%, 0, 0, 15, 5556.53, 19926683, 2408
3202, 147, 457, 2415, 1326, 0, 5.81%, 0, 0, 15, 5565.50, 19955438, 2408
3207, 147, 478, 2415, 1323, 0, 5.81%, 0, 0, 15, 5522.87, 19984072, 2408
3212, 147, 522, 2415, 1319, 0, 5.81%, 0, 0, 15, 5532.78, 20011807, 2408
3217, 147, 560, 2415, 1314, 0, 5.81%, 0, 0, 15, 5490.89, 20039146, 2408
3222, 147, 595, 2415, 1312, 0, 5.81%, 0, 0, 15, 5464.20, 20066671, 2408
3227, 147, 639, 2416, 1309, 0, 5.81%, 0, 0, 15, 5433.74, 20094437, 2409
3232, 147, 1271, 2418, 1304, 1, 5.81%, 0, 0, 15, 5450.35, 20121851, 2410
3237, 147, 2154, 2419, 1301, 2, 5.81%, 0, 0, 15, 5379.08, 20149262, 2410
3242, 147, 2419, 2420, 1294, 1, 5.82%, 0, 0, 15, 5440.97, 20177503, 2411
3247, 148, 269, 2420, 1284, 0, 5.82%, 0, 0, 15, 5895.65, 20209431, 2411
3253, 148, 310, 2420, 1283, 0, 5.82%, 0, 0, 15, 5631.82, 20238069, 2411
3258, 148, 334, 2420, 1282, 0, 5.82%, 0, 0, 15, 5524.89, 20266010, 2411
3263, 148, 383, 2420, 1277, 0, 5.82%, 0, 0, 15, 5552.20, 20294019, 2411
3268, 148, 426, 2420, 1274, 0, 5.82%, 0, 0, 15, 5543.24, 20322080, 2411
3273, 148, 469, 2420, 1272, 0, 5.82%, 0, 0, 15, 5551.52, 20350869, 2411
3278, 148, 775, 2421, 1271, 1, 5.82%, 0, 0, 15, 5542.69, 20379627, 2411
3283, 148, 1217, 2422, 1267, 1, 5.82%, 0, 0, 15, 5578.66, 20407670, 2411
3288, 149, 235, 2424, 1264, 0, 5.82%, 0, 0, 15, 6183.18, 20439076, 2411
3294, 149, 288, 2424, 1258, 0, 5.82%, 0, 0, 15, 5652.85, 20467215, 2411
3299, 149, 321, 2424, 1257, 0, 5.82%, 0, 0, 15, 5504.65, 20495827, 2411
3304, 149, 366, 2425, 1256, 0, 5.82%, 0, 0, 15, 5567.27, 20524733, 2411
3309, 149, 402, 2425, 1254, 0, 5.82%, 0, 0, 15, 5523.62, 20552259, 2411
3314, 149, 432, 2425, 1251, 0, 5.82%, 0, 0, 15, 5522.53, 20579969, 2411
3319, 149, 472, 2425, 1248, 0, 5.82%, 0, 0, 15, 5524.50, 20608719, 2411
3324, 149, 509, 2425, 1244, 0, 5.82%, 0, 0, 15, 5539.12, 20636429, 2411
3329, 149, 559, 2425, 1242, 0, 5.82%, 0, 0, 15, 5392.15, 20663108, 2411
3334, 149, 593, 2425, 1238, 0, 5.82%, 0, 0, 15, 5444.63, 20691542, 2411
3339, 149, 627, 2425, 1233, 0, 5.82%, 0, 0, 15, 5359.33, 20718573, 2411
3344, 149, 657, 2425, 1229, 0, 5.82%, 0, 0, 15, 5527.39, 20746694, 2411
3349, 149, 683, 2425, 1222, 0, 5.82%, 0, 0, 15, 5535.64, 20774683, 2411
3355, 149, 721, 2425, 1215, 0, 5.82%, 0, 0, 15, 5543.74, 20803544, 2411
3360, 149, 738, 2425, 1212, 0, 5.82%, 0, 0, 15, 5552.96, 20832283, 2411
3365, 149, 757, 2425, 1210, 0, 5.82%, 0, 0, 15, 5567.25, 20861045, 2411
3370, 149, 777, 2425, 1206, 0, 5.82%, 0, 0, 15, 5554.13, 20889800, 2411
3375, 149, 1711, 2426, 1201, 1, 5.82%, 0, 0, 15, 5493.37, 20918377, 2413
3381, 149, 2425, 2427, 1198, 1, 5.82%, 0, 0, 15, 4000.49, 20944261, 2413
3386, 150, 268, 2427, 1194, 0, 5.82%, 0, 0, 15, 5668.43, 20976002, 2413
3391, 150, 309, 2427, 1193, 0, 5.82%, 0, 0, 15, 5581.44, 21004052, 2413
3396, 150, 454, 2428, 1192, 1, 5.83%, 0, 0, 15, 5521.29, 21032270, 2415
3401, 150, 1176, 2429, 1189, 1, 5.83%, 0, 0, 15, 5513.13, 21060937, 2416
3406, 150, 1701, 2432, 1191, 2, 5.83%, 0, 0, 15, 5421.73, 21088427, 2416
3411, 150, 2428, 2434, 1190, 2, 5.83%, 0, 0, 15, 5485.46, 21115924, 2416
3416, 151, 267, 2435, 1187, 0, 5.83%, 0, 0, 15, 5832.01, 21146830, 2416
3422, 151, 310, 2435, 1186, 0, 5.83%, 0, 0, 15, 5667.95, 21175869, 2416
3427, 151, 342, 2435, 1185, 0, 5.83%, 0, 0, 15, 5497.47, 21203901, 2416
3432, 151, 373, 2435, 1183, 0, 5.83%, 0, 0, 15, 5540.16, 21231730, 2416
3437, 151, 421, 2435, 1180, 0, 5.83%, 0, 0, 15, 5575.57, 21260767, 2416
3442, 151, 470, 2435, 1180, 0, 5.83%, 0, 0, 15, 5600.47, 21289566, 2416
3447, 151, 511, 2435, 1176, 0, 5.83%, 0, 0, 15, 5525.25, 21318155, 2416
3452, 151, 560, 2435, 1173, 0, 5.83%, 0, 0, 15, 5475.70, 21346130, 2416
3457, 151, 598, 2435, 1173, 0, 5.83%, 0, 0, 15, 5377.29, 21373516, 2416
3463, 151, 650, 2435, 1168, 0, 5.83%, 0, 0, 15, 5491.85, 21401315, 2416
3468, 151, 684, 2436, 1168, 0, 5.83%, 0, 0, 15, 5606.56, 21429537, 2418
3473, 151, 1728, 2436, 1161, 1, 5.83%, 0, 0, 15, 5540.19, 21458473, 2418
3478, 151, 2190, 2440, 1162, 1, 5.83%, 0, 0, 15, 5384.75, 21485532, 2418
3483, 151, 2422, 2445, 1163, 1, 5.83%, 0, 0, 15, 5355.51, 21512575, 2418
3488, 152, 263, 2446, 1159, 0, 5.83%, 0, 0, 15, 5987.17, 21542998, 2418
3493, 152, 301, 2446, 1159, 0, 5.83%, 0, 0, 15, 5693.34, 21572223, 2418
3498, 152, 332, 2446, 1158, 0, 5.83%, 0, 0, 15, 5538.07, 21599923, 2418
3503, 152, 399, 2446, 1157, 0, 5.83%, 0, 0, 15, 5567.41, 21628896, 2418
3508, 152, 449, 2446, 1157, 0, 5.83%, 0, 0, 15, 5597.93, 21657646, 2418
3514, 152, 489, 2447, 1158, 0, 5.83%, 0, 0, 15, 5585.09, 21686458, 2418
3519, 152, 541, 2447, 1154, 0, 5.83%, 0, 0, 15, 5418.91, 21714605, 2418
3524, 152, 587, 2449, 1155, 0, 5.83%, 0, 0, 15, 5510.79, 21743281, 2418
3529, 152, 648, 2449, 1153, 0, 5.83%, 0, 0, 15, 5505.80, 21771744, 2418
3534, 152, 672, 2449, 1149, 0, 5.83%, 0, 0, 15, 5541.39, 21799635, 2418
3539, 152, 715, 2449, 1144, 0, 5.83%, 0, 0, 15, 5576.94, 21827592, 2418
3544, 152, 736, 2449, 1142, 0, 5.83%, 0, 0, 15, 5585.56, 21856342, 2418
3550, 152, 753, 2449, 1141, 0, 5.83%, 0, 0, 15, 5538.08, 21884880, 2418
3555, 152, 780, 2449, 1139, 0, 5.83%, 0, 0, 15, 5479.25, 21912329, 2418
3560, 152, 806, 2450, 1134, 0, 5.83%, 0, 0, 15, 5545.77, 21941127, 2418
3565, 152, 844, 2450, 1132, 0, 5.83%, 0, 0, 15, 5541.23, 21969877, 2418
3570, 152, 865, 2450, 1128, 0, 5.83%, 0, 0, 15, 5443.22, 21997363, 2418
3575, 152, 888, 2451, 1122, 0, 5.83%, 0, 0, 15, 5554.94, 22026472, 2418
3580, 152, 911, 2453, 1122, 0, 5.83%, 0, 0, 15, 5553.14, 22054597, 2418
3585, 152, 939, 2453, 1118, 0, 5.83%, 0, 0, 15, 5502.04, 22083197, 2418
3590, 152, 971, 2453, 1115, 0, 5.83%, 0, 0, 15, 5522.66, 22110947, 2418
3596, 152, 997, 2453, 1111, 0, 5.83%, 0, 0, 15, 5517.45, 22138664, 2418
3601, 152, 1014, 2456, 1109, 4, 5.83%, 0, 0, 15, 5220.41, 22163113, 2418
3606, 152, 1022, 2470, 1117, 4, 5.90%, 0, 0, 15, 6762.30, 22199146, 2444
3611, 152, 1024, 2479, 1124, 10, 5.92%, 0, 0, 15, 7164.55, 22235917, 2454
3616, 152, 1033, 2484, 1124, 14, 5.93%, 0, 0, 15, 7122.93, 22272872, 2457
3621, 152, 1046, 2488, 1117, 15, 5.93%, 0, 0, 15, 7180.30, 22308958, 2458
3626, 152, 1053, 2495, 1121, 16, 5.98%, 0, 0, 15, 7168.30, 22345683, 2480
3631, 152, 1066, 2496, 1116, 15, 5.98%, 0, 0, 15, 7158.72, 22382194, 2480
3636, 152, 1073, 2503, 1117, 15, 5.98%, 0, 0, 15, 7154.97, 22419317, 2480
3641, 152, 1086, 2503, 1107, 15, 5.98%, 0, 0, 15, 7165.56, 22455616, 2480
3646, 152, 1100, 2507, 1102, 16, 5.99%, 0, 0, 15, 7164.98, 22491725, 2482
3651, 152, 1118, 2508, 1092, 16, 5.99%, 0, 0, 15, 7177.55, 22527993, 2482
3657, 152, 1129, 2510, 1088, 17, 5.99%, 0, 0, 15, 7209.33, 22564934, 2483
3662, 152, 1135, 2517, 1091, 17, 6.20%, 0, 0, 15, 7185.02, 22601588, 2569
3667, 152, 1143, 2520, 1090, 17, 6.20%, 0, 0, 15, 7196.84, 22638273, 2569
3672, 152, 1147, 2532, 1098, 18, 7.18%, 0, 0, 15, 7165.52, 22674884, 2978
3677, 152, 1149, 2548, 1113, 23, 7.28%, 0, 0, 15, 7130.49, 22711121, 3017
3682, 152, 1152, 2556, 1118, 29, 7.29%, 0, 0, 15, 7178.13, 22748325, 3023
3687, 152, 1156, 2563, 1124, 31, 7.30%, 0, 0, 15, 7149.02, 22784451, 3025
3692, 152, 1163, 2566, 1123, 32, 7.30%, 0, 0, 15, 7189.73, 22820890, 3026
3697, 152, 1168, 2576, 1129, 32, 7.31%, 0, 0, 15, 7153.02, 22857756, 3029
3702, 152, 1174, 2578, 1125, 33, 7.33%, 0, 0, 15, 7167.58, 22894515, 3038
3708, 152, 1180, 2583, 1125, 33, 7.33%, 0, 0, 15, 7171.13, 22931255, 3038
3713, 152, 1183, 2589, 1129, 34, 7.35%, 0, 0, 15, 7125.97, 22967545, 3045
3718, 152, 1191, 2589, 1121, 35, 7.35%, 0, 0, 15, 7163.13, 23003803, 3045
3723, 152, 1196, 2592, 1120, 34, 7.35%, 0, 0, 15, 7171.17, 23040296, 3045
3728, 152, 1203, 2598, 1122, 36, 7.35%, 0, 0, 15, 7121.74, 23076422, 3046
3733, 152, 1211, 2601, 1121, 35, 7.35%, 0, 0, 15, 7135.71, 23112198, 3046
3738, 152, 1216, 2606, 1124, 36, 7.36%, 0, 0, 15, 7153.04, 23148693, 3052
3743, 152, 1222, 2611, 1126, 37, 7.38%, 0, 0, 15, 7146.88, 23185888, 3060
3748, 152, 1228, 2613, 1125, 35, 7.38%, 0, 0, 15, 7177.78, 23223140, 3060
3753, 152, 1236, 2613, 1122, 35, 7.38%, 0, 0, 15, 7190.13, 23259536, 3060
3759, 152, 1243, 2615, 1119, 37, 7.39%, 0, 0, 15, 7201.96, 23296019, 3063
3764, 152, 1252, 2616, 1112, 38, 7.40%, 0, 0, 15, 7159.72, 23332173, 3067
3769, 152, 1259, 2618, 1108, 39, 7.40%, 0, 0, 15, 7171.21, 23368693, 3069
3774, 152, 1268, 2620, 1105, 38, 7.41%, 0, 0, 15, 7160.53, 23404671, 3072
3779, 152, 1281, 2620, 1095, 38, 7.41%, 0, 0, 15, 7191.01, 23440909, 3072
3784, 152, 1294, 2620, 1089, 38, 7.41%, 0, 0, 15, 7184.51, 23477354, 3072
3789, 152, 1305, 2621, 1083, 38, 7.41%, 0, 0, 15, 7197.92, 23514385, 3072
3794, 152, 1317, 2621, 1073, 38, 7.41%, 0, 0, 15, 7170.74, 23550850, 3072
3799, 152, 1328, 2623, 1068, 39, 7.41%, 0, 0, 15, 7130.53, 23586805, 3072
3804, 152, 1339, 2624, 1062, 39, 7.41%, 0, 0, 15, 7166.48, 23623052, 3072
3809, 152, 1342, 2630, 1066, 39, 7.43%, 0, 0, 15, 7163.18, 23659726, 3079
3814, 152, 1354, 2631, 1058, 39, 7.43%, 0, 0, 15, 7204.99, 23695945, 3079
3819, 152, 1365, 2631, 1048, 39, 7.43%, 0, 0, 15, 7184.13, 23732432, 3079
3824, 152, 1377, 2631, 1039, 39, 7.43%, 0, 0, 15, 7200.47, 23769021, 3079
3829, 152, 1388, 2631, 1033, 39, 7.43%, 0, 0, 15, 7140.83, 23804987, 3079
3835, 152, 1400, 2632, 1023, 39, 7.43%, 0, 0, 15, 7170.77, 23842398, 3080
3840, 152, 1410, 2633, 1015, 39, 7.43%, 0, 0, 15, 7125.20, 23878424, 3080
3845, 152, 1423, 2633, 1006, 39, 7.43%, 0, 0, 15, 7216.76, 23914750, 3080
3850, 152, 1434, 2633, 996, 39, 7.43%, 0, 0, 15, 7201.21, 23950816, 3080
3855, 152, 1446, 2634, 988, 39, 7.43%, 0, 0, 15, 7186.21, 23987215, 3080
3860, 152, 1458, 2636, 981, 40, 7.43%, 0, 0, 15, 7164.69, 24023833, 3080
3865, 152, 1470, 2636, 975, 40, 7.43%, 0, 0, 15, 7186.82, 24060224, 3080
3870, 152, 1482, 2636, 969, 40, 7.43%, 0, 0, 15, 7117.80, 24096399, 3080
3875, 152, 1492, 2636, 965, 40, 7.43%, 0, 0, 15, 7175.34, 24132447, 3080
3880, 152, 1500, 2641, 964, 41, 7.43%, 0, 0, 15, 7177.42, 24168663, 3080
3885, 152, 1505, 2643, 964, 41, 7.44%, 0, 0, 15, 7176.72, 24205310, 3084
3890, 152, 1514, 2643, 956, 41, 7.44%, 0, 0, 15, 7167.00, 24241796, 3084
3896, 152, 1523, 2643, 952, 41, 7.44%, 0, 0, 15, 7157.75, 24278543, 3084
3901, 152, 1530, 2644, 947, 42, 7.46%, 0, 0, 15, 7155.19, 24314506, 3094
3906, 152, 1538, 2646, 945, 43, 7.47%, 0, 0, 15, 7192.94, 24351221, 3095
3911, 152, 1545, 2649, 942, 43, 7.47%, 0, 0, 15, 7166.85, 24388168, 3095
3916, 152, 1551, 2652, 942, 43, 7.47%, 0, 0, 15, 7187.42, 24424824, 3095
3921, 152, 1560, 2653, 937, 42, 7.47%, 0, 0, 15, 7158.64, 24460901, 3095
3926, 152, 1572, 2653, 930, 42, 7.47%, 0, 0, 15, 7174.77, 24497290, 3095
3931, 152, 1583, 2654, 927, 42, 7.47%, 0, 0, 15, 7175.24, 24533504, 3096
3936, 152, 1594, 2655, 921, 42, 7.47%, 0, 0, 15, 7201.75, 24570556, 3096
3941, 152, 1605, 2655, 919, 42, 7.47%, 0, 0, 15, 7169.42, 24606537, 3096
3946, 152, 1615, 2657, 916, 41, 7.47%, 0, 0, 15, 7151.18, 24643020, 3096
3951, 152, 1628, 2657, 912, 41, 7.47%, 0, 0, 15, 7230.46, 24679831, 3096
3957, 152, 1644, 2657, 912, 41, 7.47%, 0, 0, 15, 7201.43, 24716807, 3096
3962, 152, 1658, 2657, 912, 41, 7.47%, 0, 0, 15, 7169.72, 24752982, 3096
3967, 152, 1670, 2658, 904, 40, 7.47%, 0, 0, 15, 7164.60, 24789966, 3096
3972, 152, 1682, 2658, 896, 40, 7.47%, 0, 0, 15, 7222.93, 24826496, 3096
3977, 152, 1693, 2658, 890, 40, 7.47%, 0, 0, 15, 7166.23, 24862897, 3096
3982, 152, 1705, 2658, 885, 40, 7.47%, 0, 0, 15, 7162.23, 24898847, 3096
3987, 152, 1716, 2659, 882, 40, 7.47%, 0, 0, 15, 7209.65, 24935327, 3096
3992, 152, 1727, 2660, 880, 40, 7.47%, 0, 0, 15, 7193.71, 24971467, 3096
3997, 152, 1738, 2661, 876, 40, 7.47%, 0, 0, 15, 7171.55, 25007779, 3096
4002, 152, 1749, 2661, 870, 40, 7.47%, 0, 0, 15, 7152.80, 25043811, 3096
4007, 152, 1761, 2661, 865, 40, 7.47%, 0, 0, 15, 7166.65, 25080320, 3096
4012, 152, 1772, 2661, 861, 40, 7.47%, 0, 0, 15, 7158.60, 25116425, 3096
4017, 152, 1784, 2661, 857, 40, 7.47%, 0, 0, 15, 7153.32, 25152826, 3096
4022, 152, 1795, 2662, 849, 40, 7.47%, 0, 0, 15, 7166.67, 25189413, 3096
4028, 152, 1806, 2662, 844, 40, 7.47%, 0, 0, 15, 7167.72, 25226519, 3096
4033, 152, 1818, 2662, 839, 40, 7.47%, 0, 0, 15, 7130.42, 25262195, 3096
4038, 152, 1824, 2672, 845, 40, 7.55%, 0, 0, 15, 7140.39, 25298027, 3129
4043, 152, 1837, 2672, 842, 43, 7.55%, 0, 0, 15, 7173.54, 25334085, 3129
4048, 152, 1840, 2677, 846, 45, 7.56%, 0, 0, 15, 7161.56, 25369906, 3134
4053, 152, 1844, 2682, 849, 45, 7.56%, 0, 0, 15, 7098.81, 25405587, 3134
4058, 152, 1850, 2683, 845, 44, 7.56%, 0, 0, 15, 7163.49, 25441990, 3134
4063, 152, 1862, 2683, 839, 44, 7.56%, 0, 0, 15, 7044.50, 25478763, 3134
4068, 152, 1872, 2694, 842, 44, 7.60%, 0, 0, 15, 5308.86, 25504231, 3152
4073, 152, 1876, 2696, 841, 45, 7.60%, 0, 0, 15, 6248.18, 25535765, 3152
4078, 152, 1887, 2696, 837, 45, 7.60%, 0, 0, 15, 6988.95, 25571971, 3152
4083, 152, 1899, 2696, 829, 45, 7.60%, 0, 0, 15, 7168.20, 25608086, 3152
4088, 152, 1910, 2697, 823, 45, 7.60%, 0, 0, 15, 7133.65, 25644263, 3152
4093, 152, 1922, 2697, 819, 45, 7.60%, 0, 0, 15, 7173.10, 25680641, 3152
4099, 152, 1933, 2697, 815, 45, 7.60%, 0, 0, 15, 7151.56, 25717014, 3152
4104, 152, 1944, 2698, 807, 45, 7.60%, 0, 0, 15, 7152.76, 25753338, 3152
4109, 152, 1955, 2698, 801, 45, 7.60%, 0, 0, 15, 7193.59, 25790057, 3152
4114, 152, 1967, 2698, 792, 45, 7.60%, 0, 0, 15, 7218.98, 25826262, 3152
4119, 152, 1977, 2698, 786, 45, 7.60%, 0, 0, 15, 7159.35, 25862354, 3152
4124, 152, 1989, 2698, 779, 45, 7.60%, 0, 0, 15, 7163.03, 25899474, 3152
4129, 152, 2000, 2700, 773, 45, 7.60%, 0, 0, 15, 7043.14, 25935336, 3152
4134, 152, 2012, 2700, 762, 45, 7.60%, 0, 0, 15, 6972.68, 25970624, 3152
4139, 152, 2024, 2700, 752, 45, 7.60%, 0, 0, 15, 7017.02, 26006002, 3152
4144, 152, 2036, 2700, 742, 45, 7.60%, 0, 0, 15, 7108.84, 26041921, 3152
4149, 152, 2047, 2700, 735, 45, 7.60%, 0, 0, 15, 7079.94, 26077481, 3152
4154, 152, 2057, 2700, 728, 45, 7.60%, 0, 0, 15, 7007.92, 26113651, 3152
4159, 152, 2069, 2700, 717, 45, 7.60%, 0, 0, 15, 7051.22, 26149168, 3152
4164, 152, 2078, 2703, 715, 45, 7.60%, 0, 0, 15, 7144.19, 26185391, 3152
4170, 152, 2088, 2707, 717, 45, 7.61%, 0, 0, 15, 7110.26, 26222272, 3153
4175, 152, 2101, 2708, 708, 45, 7.61%, 0, 0, 15, 6245.98, 26253984, 3153
4180, 152, 2117, 2713, 698, 46, 7.61%, 0, 0, 15, 5869.77, 26283054, 3154
4185, 152, 2127, 2716, 691, 48, 7.61%, 0, 0, 15, 6282.37, 26315046, 3156
4190, 152, 2135, 2729, 697, 48, 7.63%, 0, 0, 15, 6116.36, 26345839, 3163
4195, 152, 2144, 2729, 690, 49, 7.63%, 0, 0, 15, 6621.32, 26378804, 3163
4200, 152, 2156, 2729, 683, 49, 7.63%, 0, 0, 15, 7055.12, 26414923, 3163
4205, 152, 2168, 2729, 677, 49, 7.63%, 0, 0, 15, 7116.13, 26451169, 3163
4210, 152, 2179, 2729, 668, 49, 7.63%, 0, 0, 15, 7144.19, 26487346, 3163
4215, 152, 2190, 2729, 660, 49, 7.63%, 0, 0, 15, 7175.88, 26523612, 3163
4220, 152, 2202, 2729, 653, 49, 7.63%, 0, 0, 15, 7178.07, 26560119, 3163
4225, 152, 2213, 2729, 647, 49, 7.63%, 0, 0, 15, 7117.87, 26596249, 3163
4230, 152, 2223, 2729, 639, 49, 7.63%, 0, 0, 15, 7103.49, 26632432, 3163
4236, 152, 2234, 2729, 635, 49, 7.63%, 0, 0, 15, 7171.70, 26669112, 3163
4241, 152, 2245, 2735, 632, 49, 7.64%, 0, 0, 15, 5939.99, 26699496, 3165
4246, 152, 2256, 2738, 627, 49, 7.64%, 0, 0, 15, 5496.26, 26726479, 3168
4251, 152, 2267, 2738, 617, 49, 7.64%, 0, 0, 15, 6845.36, 26763650, 3168
4256, 152, 2279, 2738, 608, 49, 7.64%, 0, 0, 15, 7068.19, 26799920, 3168
4261, 152, 2291, 2738, 601, 49, 7.64%, 0, 0, 15, 7118.35, 26835771, 3168
4266, 152, 2301, 2738, 594, 49, 7.64%, 0, 0, 15, 7107.07, 26871653, 3168
4271, 152, 2311, 2738, 590, 49, 7.64%, 0, 0, 15, 7098.79, 26908359, 3168
4276, 152, 2321, 2738, 582, 49, 7.64%, 0, 0, 15, 7081.25, 26943897, 3168
4281, 152, 2331, 2738, 576, 49, 7.64%, 0, 0, 15, 7098.04, 26980463, 3168
4286, 152, 2340, 2738, 567, 49, 7.64%, 0, 0, 15, 7110.33, 27016676, 3168
4292, 152, 2351, 2740, 558, 49, 7.64%, 0, 0, 15, 7066.61, 27052389, 3168
4297, 152, 2361, 2741, 549, 49, 7.64%, 0, 0, 15, 7066.71, 27089211, 3168
4302, 152, 2374, 2744, 542, 49, 7.96%, 0, 0, 15, 6514.31, 27122050, 3300
4307, 152, 2374, 2754, 552, 49, 7.97%, 0, 0, 15, 5049.33, 27145567, 3302
4312, 152, 2384, 2757, 548, 51, 8.24%, 0, 0, 15, 5361.92, 27174917, 3414
4317, 152, 2389, 2758, 546, 52, 8.24%, 0, 0, 15, 5818.83, 27202219, 3416
4322, 152, 2398, 2758, 538, 53, 8.24%, 0, 0, 15, 6755.17, 27237542, 3416
4327, 152, 2401, 2763, 540, 53, 8.25%, 0, 0, 15, 4708.53, 27260677, 3418
4332, 152, 2403, 2772, 547, 55, 8.25%, 0, 0, 15, 4056.57, 27280244, 3421
4337, 152, 2408, 2773, 544, 56, 8.25%, 0, 0, 15, 5344.12, 27305756, 3421
4342, 152, 2414, 2777, 545, 56, 8.29%, 0, 0, 15, 5959.30, 27336285, 3435
4347, 152, 2425, 2778, 540, 56, 8.29%, 0, 0, 15, 6914.57, 27372357, 3435
4353, 152, 2436, 2779, 535, 57, 8.29%, 0, 0, 15, 6938.52, 27407950, 3438
4358, 152, 2447, 2779, 525, 57, 8.29%, 0, 0, 15, 7100.57, 27444092, 3438
4363, 152, 2453, 2784, 524, 57, 8.31%, 0, 0, 15, 5998.74, 27475627, 3444
4368, 152, 2459, 2786, 520, 55, 8.31%, 0, 0, 15, 6443.00, 27507892, 3444
4373, 152, 2467, 2787, 513, 54, 8.31%, 0, 0, 15, 6935.63, 27543220, 3444
4378, 152, 2474, 2788, 507, 55, 8.31%, 0, 0, 15, 6950.00, 27578435, 3444
4383, 152, 2480, 2789, 502, 54, 8.31%, 0, 0, 15, 7088.25, 27615000, 3444
4388, 152, 2490, 2790, 493, 54, 8.31%, 0, 0, 15, 7073.99, 27650601, 3444
4393, 152, 2495, 2792, 490, 55, 8.31%, 0, 0, 15, 6989.08, 27686238, 3444
4398, 152, 2503, 2792, 482, 55, 8.31%, 0, 0, 15, 6975.82, 27721452, 3444
4403, 152, 2510, 2794, 477, 56, 8.31%, 0, 0, 15, 7135.27, 27758365, 3445
4409, 152, 2515, 2795, 473, 55, 8.31%, 0, 0, 15, 6959.57, 27793224, 3445
4414, 152, 2520, 2795, 468, 55, 8.31%, 0, 0, 15, 7012.37, 27828917, 3445
4419, 152, 2525, 2795, 463, 55, 8.31%, 0, 0, 15, 7007.49, 27864206, 3445
4424, 152, 2528, 2796, 461, 54, 8.31%, 0, 0, 15, 7127.70, 27899728, 3445
4429, 152, 2531, 2797, 459, 54, 8.31%, 0, 0, 15, 6930.43, 27934639, 3445
4434, 152, 2533, 2800, 460, 53, 8.31%, 0, 0, 15, 6688.83, 27968845, 3445
4439, 152, 2536, 2803, 460, 52, 8.31%, 0, 0, 15, 6907.43, 28003639, 3445
4444, 152, 2539, 2806, 460, 51, 8.31%, 0, 0, 15, 7042.95, 28039744, 3445
4449, 152, 2542, 2806, 457, 51, 8.31%, 0, 0, 15, 7171.29, 28076502, 3445
4454, 152, 2545, 2806, 454, 50, 8.31%, 0, 0, 15, 7184.80, 28112829, 3445
4459, 152, 2546, 2809, 456, 50, 8.31%, 0, 0, 15, 6907.97, 28147423, 3445
4464, 152, 2549, 2809, 453, 48, 8.31%, 0, 0, 15, 7057.70, 28183185, 3445
4469, 152, 2553, 2809, 449, 48, 8.31%, 0, 0, 15, 7070.80, 28218806, 3445
4474, 152, 2557, 2810, 446, 47, 8.31%, 0, 0, 15, 6986.01, 28254362, 3445
4479, 152, 2561, 2810, 442, 47, 8.31%, 0, 0, 15, 7081.11, 28290059, 3445
4485, 152, 2564, 2813, 442, 47, 8.31%, 0, 0, 15, 6826.35, 28324297, 3445
4490, 152, 2567, 2813, 439, 46, 8.31%, 0, 0, 15, 7064.01, 28359918, 3445
4495, 152, 2569, 2814, 438, 45, 8.31%, 0, 0, 15, 6714.59, 28393465, 3445
4500, 152, 2572, 2814, 435, 45, 8.31%, 0, 0, 15, 6916.83, 28428731, 3445
4505, 152, 2575, 2814, 432, 45, 8.31%, 0, 0, 15, 7060.34, 28464367, 3445
4510, 152, 2578, 2814, 429, 45, 8.31%, 0, 0, 15, 6938.60, 28499477, 3445
4515, 152, 2579, 2819, 433, 45, 8.31%, 0, 0, 15, 6698.11, 28532656, 3445
4520, 152, 2583, 2819, 429, 44, 8.31%, 0, 0, 15, 6897.25, 28568786, 3445
4525, 152, 2587, 2820, 426, 44, 8.31%, 0, 0, 15, 7085.26, 28605028, 3445
4530, 152, 2590, 2821, 424, 44, 8.31%, 0, 0, 15, 7228.28, 28641492, 3445
4535, 152, 2594, 2821, 420, 44, 8.31%, 0, 0, 15, 6872.75, 28676499, 3445
4540, 152, 2597, 2821, 417, 44, 8.31%, 0, 0, 15, 6736.73, 28710083, 3445
4545, 152, 2599, 2821, 415, 44, 8.31%, 0, 0, 15, 6578.34, 28742741, 3445
4550, 152, 2602, 2822, 413, 44, 8.31%, 0, 0, 15, 7027.45, 28778412, 3445
4555, 152, 2607, 2822, 408, 43, 8.31%, 0, 0, 15, 6996.47, 28814046, 3445
4560, 152, 2612, 2822, 403, 42, 8.31%, 0, 0, 15, 7122.24, 28850422, 3445
4565, 152, 2618, 2822, 397, 39, 8.31%, 0, 0, 15, 7133.16, 28886252, 3445
4571, 152, 2623, 2823, 393, 37, 8.31%, 0, 0, 15, 7109.72, 28922894, 3445
4576, 152, 2631, 2825, 387, 36, 8.31%, 0, 0, 15, 7097.40, 28958623, 3445
4581, 152, 2634, 2828, 387, 36, 8.31%, 0, 0, 15, 6720.21, 28992679, 3445
4586, 152, 2637, 2828, 384, 36, 8.31%, 0, 0, 15, 6855.20, 29027164, 3445
4591, 152, 2642, 2828, 379, 36, 8.31%, 0, 0, 15, 7063.80, 29063394, 3445
4596, 152, 2645, 2828, 376, 35, 8.31%, 0, 0, 15, 6970.25, 29098552, 3445
4601, 152, 2651, 2829, 371, 34, 8.31%, 0, 0, 15, 7021.39, 29133946, 3445
4606, 152, 2656, 2832, 369, 34, 8.31%, 0, 0, 15, 7039.92, 29169428, 3445
4611, 152, 2663, 2834, 364, 34, 8.31%, 0, 0, 15, 7145.75, 29205536, 3445
4616, 152, 2669, 2837, 361, 33, 8.31%, 0, 0, 15, 6991.20, 29241658, 3445
4621, 152, 2674, 2837, 356, 32, 8.31%, 0, 0, 15, 6995.62, 29277125, 3445
4626, 152, 2678, 2837, 352, 31, 8.31%, 0, 0, 15, 6723.28, 29311164, 3445
4631, 152, 2681, 2837, 349, 31, 8.31%, 0, 0, 15, 6905.38, 29346691, 3445
4636, 152, 2685, 2839, 347, 31, 8.31%, 0, 0, 15, 5400.96, 29374666, 3445
4642, 152, 2687, 2844, 350, 31, 8.31%, 0, 0, 15, 3112.90, 29389018, 3445
4647, 152, 2694, 2848, 347, 31, 8.31%, 0, 0, 15, 2823.61, 29402124, 3446
4652, 152, 2700, 2849, 342, 29, 8.31%, 0, 0, 15, 6016.65, 29437029, 3446
4657, 152, 2706, 2852, 339, 28, 8.31%, 0, 0, 15, 6825.52, 29472321, 3446
4662, 152, 2714, 2854, 333, 26, 8.31%, 0, 0, 15, 5933.61, 29499482, 3446
4667, 152, 2718, 2855, 330, 25, 8.31%, 0, 0, 15, 4773.52, 29523994, 3446
4672, 152, 2721, 2855, 327, 25, 8.31%, 0, 0, 15, 4800.53, 29548031, 3446
4677, 152, 2729, 2857, 321, 24, 8.31%, 0, 0, 15, 4198.44, 29571173, 3446
4682, 152, 2734, 2859, 318, 23, 8.31%, 0, 0, 15, 4180.22, 29589907, 3446
4687, 152, 2736, 2862, 319, 22, 8.31%, 0, 0, 15, 2022.98, 29598367, 3446
4692, 152, 2736, 2863, 320, 22, 8.31%, 0, 0, 15, 1313.26, 29603945, 3446
4697, 152, 2736, 2864, 321, 22, 8.31%, 0, 0, 15, 1144.51, 29609410, 3446
4702, 152, 2736, 2864, 321, 22, 8.31%, 0, 0, 15, 1096.59, 29614830, 3446
4708, 152, 2740, 2864, 317, 21, 8.31%, 0, 0, 15, 4278.44, 29635409, 3446
4713, 152, 2745, 2868, 316, 21, 8.32%, 0, 0, 15, 4133.96, 29657564, 3448
4718, 152, 2749, 2868, 312, 20, 8.32%, 0, 0, 15, 4320.23, 29679936, 3448
4723, 152, 2754, 2874, 313, 19, 8.33%, 0, 0, 15, 4220.72, 29702091, 3453
4728, 152, 2754, 2878, 317, 19, 8.34%, 0, 0, 15, 3739.20, 29720461, 3456
4733, 152, 2760, 2878, 311, 20, 8.34%, 0, 0, 15, 4714.51, 29746726, 3456
4738, 152, 2762, 2879, 310, 20, 8.34%, 0, 0, 15, 3786.52, 29764863, 3456
4743, 152, 2766, 2880, 307, 20, 8.34%, 0, 0, 15, 3743.90, 29783942, 3456
4749, 152, 2769, 2882, 306, 19, 8.34%, 0, 0, 15, 3722.21, 29803114, 3456
4754, 152, 2769, 2883, 307, 19, 8.34%, 0, 0, 15, 3588.33, 29821567, 3456
4759, 152, 2772, 2885, 306, 19, 8.34%, 0, 0, 15, 3773.05, 29840803, 3458
4764, 152, 2774, 2886, 305, 20, 8.35%, 0, 0, 15, 4673.30, 29863659, 3459
4769, 152, 2778, 2886, 301, 18, 8.35%, 0, 0, 15, 6281.91, 29897918, 3459
4774, 152, 2781, 2887, 299, 17, 8.35%, 0, 0, 15, 5181.24, 29923163, 3459
4779, 152, 2784, 2887, 296, 16, 8.35%, 0, 0, 15, 4915.04, 29948341, 3459
4785, 152, 2792, 2887, 288, 14, 8.35%, 0, 0, 15, 6204.06, 29980336, 3459
4790, 152, 2796, 2888, 285, 12, 8.35%, 0, 0, 15, 6415.80, 30013588, 3459
4795, 152, 2800, 2888, 281, 12, 8.35%, 0, 0, 15, 6289.76, 30046122, 3459
4800, 152, 2803, 2888, 278, 12, 8.35%, 0, 0, 15, 6659.82, 30079690, 3459
4805, 152, 2808, 2888, 273, 12, 8.35%, 0, 0, 15, 6967.19, 30115314, 3459
4810, 152, 2811, 2889, 271, 12, 8.35%, 0, 0, 15, 6624.06, 30148460, 3459
4815, 152, 2814, 2889, 268, 12, 8.35%, 0, 0, 15, 6456.92, 30181577, 3459
4820, 152, 2816, 2890, 267, 12, 8.35%, 0, 0, 15, 6833.84, 30216727, 3459
4825, 152, 2820, 2890, 263, 12, 8.35%, 0, 0, 15, 6963.29, 30251945, 3459
4830, 152, 2828, 2890, 255, 12, 8.35%, 0, 0, 15, 6979.16, 30287729, 3459
4835, 152, 2829, 2892, 256, 12, 8.35%, 0, 0, 15, 6346.23, 30319351, 3459
4840, 152, 2833, 2892, 252, 11, 8.35%, 0, 0, 15, 6838.99, 30353697, 3459
4845, 152, 2837, 2892, 248, 10, 8.35%, 0, 0, 15, 6704.50, 30387323, 3459
4850, 152, 2848, 2894, 239, 9, 8.35%, 0, 0, 15, 4361.33, 30406358, 3459
4855, 152, 2856, 2894, 231, 8, 8.35%, 0, 0, 15, 5055.48, 30434926, 3459
4860, 152, 2862, 2894, 225, 8, 8.35%, 0, 0, 15, 3783.78, 30453083, 3459
4866, 152, 2867, 2894, 220, 7, 8.35%, 0, 0, 15, 3619.58, 30470334, 3459
4871, 152, 2872, 2895, 216, 7, 8.35%, 0, 0, 15, 3457.75, 30487895, 3460
4876, 152, 2875, 2905, 223, 7, 8.35%, 0, 0, 15, 3029.21, 30502603, 3462
4881, 152, 2876, 2909, 226, 8, 8.35%, 0, 0, 15, 3015.28, 30517619, 3462
4886, 152, 2878, 2912, 227, 8, 8.35%, 0, 0, 15, 2883.68, 30532256, 3462
4891, 152, 2880, 2912, 225, 8, 8.35%, 0, 0, 15, 3258.44, 30548292, 3462
4896, 152, 2883, 2913, 223, 8, 8.35%, 0, 0, 15, 3767.43, 30568054, 3462
4901, 152, 2886, 2915, 222, 7, 8.35%, 0, 0, 15, 4121.41, 30587986, 3462
4906, 152, 2890, 2919, 222, 7, 8.35%, 0, 0, 15, 5907.71, 30619874, 3462
4911, 152, 2894, 2919, 218, 7, 8.35%, 0, 0, 15, 1412.38, 30644720, 3462
4916, 152, 2897, 2923, 219, 5, 8.36%, 0, 0, 15, 2817.89, 30660521, 3464
4921, 152, 2899, 2926, 220, 6, 8.36%, 0, 0, 15, 2928.51, 30675832, 3464
4926, 152, 2902, 2929, 220, 6, 8.36%, 0, 0, 15, 2735.71, 30690458, 3464
4931, 152, 2903, 2931, 221, 6, 8.36%, 0, 0, 15, 2724.45, 30703138, 3464
4936, 152, 2905, 2934, 222, 6, 8.36%, 0, 0, 15, 3066.00, 30718803, 3464
4942, 152, 2906, 2937, 224, 6, 8.36%, 0, 0, 15, 2399.16, 30730201, 3464
4947, 152, 2906, 2938, 225, 6, 8.36%, 0, 0, 15, 2289.00, 30741631, 3464
4952, 152, 2908, 2938, 223, 6, 8.36%, 0, 0, 15, 2858.78, 30756380, 3464
4957, 152, 2910, 2941, 224, 6, 8.36%, 0, 0, 15, 2576.85, 30769894, 3464
4962, 152, 2910, 2943, 226, 6, 8.36%, 0, 0, 15, 2340.15, 30781459, 3464
4967, 152, 2912, 2945, 226, 6, 8.36%, 0, 0, 15, 3121.57, 30796802, 3464
4972, 152, 2914, 2947, 226, 6, 8.36%, 0, 0, 15, 3384.33, 30815316, 3464
4977, 152, 2918, 2947, 222, 6, 8.36%, 0, 0, 15, 5601.71, 30846268, 3464
4982, 152, 2920, 2949, 222, 6, 8.36%, 0, 0, 15, 3879.84, 30865664, 3464
4987, 152, 2921, 2950, 222, 6, 8.36%, 0, 0, 15, 3477.14, 30882401, 3464
4992, 152, 2924, 2951, 220, 4, 8.36%, 0, 0, 15, 3169.40, 30898222, 3464
4997, 152, 2926, 2951, 218, 4, 8.36%, 0, 0, 15, 3107.37, 30913782, 3464
5002, 152, 2929, 2953, 217, 4, 8.36%, 0, 0, 15, 2748.21, 30927997, 3464
5007, 152, 2930, 2953, 216, 4, 8.36%, 0, 0, 15, 2884.78, 30941713, 3464
5012, 152, 2932, 2954, 215, 4, 8.36%, 0, 0, 15, 2848.05, 30956603, 3464
5018, 152, 2934, 2954, 213, 3, 8.36%, 0, 0, 15, 2975.09, 30972177, 3464
5023, 152, 2936, 2957, 214, 3, 8.36%, 0, 0, 15, 3149.50, 30987848, 3464
5028, 152, 2936, 2957, 214, 3, 8.36%, 0, 0, 15, 3033.97, 31002820, 3464
5033, 152, 2938, 2958, 213, 3, 8.36%, 0, 0, 15, 3172.85, 31018546, 3464
5038, 152, 2940, 2960, 213, 3, 8.36%, 0, 0, 15, 2554.92, 31031231, 3464
5043, 152, 2942, 2960, 211, 3, 8.36%, 0, 0, 15, 2957.21, 31046426, 3464
5048, 152, 2946, 2962, 209, 2, 8.36%, 0, 0, 15, 2695.59, 31061718, 3464
5053, 152, 2946, 2963, 210, 2, 8.36%, 0, 0, 15, 1918.88, 31070397, 3464
5058, 152, 2948, 2964, 209, 3, 8.36%, 0, 0, 15, 2712.16, 31085623, 3464
5063, 152, 2952, 2964, 205, 3, 8.36%, 0, 0, 15, 3088.71, 31102585, 3464
5068, 152, 2953, 2966, 206, 3, 8.36%, 0, 0, 15, 2605.84, 31116017, 3464
5073, 152, 2954, 2967, 206, 3, 8.36%, 0, 0, 15, 2790.16, 31129446, 3464
5079, 152, 2956, 2967, 204, 3, 8.36%, 0, 0, 15, 3111.45, 31145006, 3464
5084, 152, 2958, 2968, 203, 4, 8.36%, 0, 0, 15, 2880.48, 31159139, 3464
5089, 152, 2960, 2971, 204, 4, 8.36%, 0, 0, 15, 2139.68, 31171163, 3464
5094, 152, 2960, 2971, 204, 4, 8.36%, 0, 0, 15, 1577.93, 31178473, 3464
5099, 152, 2963, 2972, 202, 4, 8.36%, 0, 0, 15, 2280.33, 31190802, 3464
5104, 152, 2965, 2973, 201, 3, 8.36%, 0, 0, 15, 2368.77, 31204124, 3464
5109, 152, 2967, 2973, 199, 3, 8.36%, 0, 0, 15, 2934.07, 31218732, 3464
5114, 152, 2968, 2975, 200, 2, 8.36%, 0, 0, 15, 2039.13, 31228014, 3464
5119, 152, 2970, 2976, 199, 2, 8.36%, 0, 0, 15, 2143.82, 31238516, 3464
5125, 152, 2973, 2976, 196, 2, 8.36%, 0, 0, 15, 2582.76, 31250816, 3464
5130, 152, 2975, 2977, 195, 2, 8.36%, 0, 0, 15, 1858.11, 31259123, 3464
5135, 153, 176, 2977, 193, 2, 8.36%, 0, 0, 15, 5487.49, 31288601, 3464
5140, 153, 207, 2977, 188, 2, 8.36%, 0, 0, 15, 6835.66, 31325672, 3464
5145, 153, 237, 2977, 184, 2, 8.36%, 0, 0, 15, 7090.17, 31362602, 3464
5150, 153, 270, 2977, 183, 2, 8.36%, 0, 0, 15, 7136.79, 31398745, 3464
5155, 153, 299, 2977, 182, 2, 8.36%, 0, 0, 15, 7174.28, 31436170, 3464
5161, 153, 323, 2977, 180, 2, 8.36%, 0, 0, 15, 7158.85, 31473315, 3464
5166, 153, 341, 2979, 181, 3, 8.36%, 0, 0, 15, 7130.06, 31509086, 3464
5171, 153, 359, 2979, 176, 3, 8.36%, 0, 0, 15, 7183.75, 31545094, 3464
5176, 153, 374, 2980, 176, 4, 8.36%, 0, 0, 15, 7114.80, 31580733, 3466
5181, 153, 390, 2980, 175, 4, 8.36%, 0, 0, 15, 7138.11, 31616579, 3466
5186, 153, 407, 2981, 172, 4, 8.36%, 0, 0, 15, 7173.10, 31652384, 3466
5191, 153, 419, 2984, 174, 5, 8.36%, 0, 0, 15, 7148.02, 31688672, 3466
5196, 153, 435, 2986, 176, 6, 8.36%, 0, 0, 15, 7160.53, 31724581, 3467
5201, 153, 450, 2986, 173, 6, 8.36%, 0, 0, 15, 7126.15, 31760392, 3467
5206, 153, 464, 2987, 174, 6, 8.36%, 0, 0, 15, 7136.85, 31796210, 3467
5211, 153, 479, 2988, 174, 7, 8.37%, 0, 0, 15, 7146.64, 31831944, 3470
5216, 153, 499, 2988, 174, 7, 8.37%, 0, 0, 15, 7137.37, 31867784, 3470
5221, 153, 521, 2988, 174, 7, 8.37%, 0, 0, 15, 7144.11, 31903881, 3470
5226, 153, 536, 2990, 174, 7, 8.38%, 0, 0, 15, 5936.94, 31933464, 3472
5231, 153, 552, 2991, 173, 8, 8.38%, 0, 0, 15, 6463.98, 31964927, 3472
5236, 153, 574, 2991, 172, 8, 8.38%, 0, 0, 15, 7016.31, 32001210, 3472
5241, 153, 579, 2998, 179, 8, 8.38%, 0, 0, 15, 5678.03, 32028797, 3475
5246, 153, 581, 3006, 186, 8, 8.39%, 0, 0, 15, 5315.16, 32055128, 3477
5251, 153, 587, 3006, 186, 9, 8.39%, 0, 0, 15, 5587.52, 32082918, 3477
5256, 153, 611, 3007, 186, 9, 8.39%, 0, 0, 15, 6861.70, 32120149, 3477
5261, 153, 632, 3007, 184, 9, 8.39%, 0, 0, 15, 7075.10, 32155919, 3477
5266, 153, 649, 3007, 179, 9, 8.39%, 0, 0, 15, 7112.17, 32191758, 3477
5272, 153, 667, 3008, 175, 10, 8.39%, 0, 0, 15, 7133.05, 32228215, 3478
5277, 153, 685, 3008, 172, 10, 8.39%, 0, 0, 15, 7125.57, 32263989, 3478
5282, 153, 702, 3008, 166, 10, 8.39%, 0, 0, 15, 7156.59, 32301360, 3478
5287, 153, 721, 3008, 163, 10, 8.39%, 0, 0, 15, 7181.49, 32337420, 3478
5292, 153, 737, 3008, 158, 10, 8.39%, 0, 0, 15, 7137.42, 32374608, 3478
5297, 153, 753, 3008, 153, 10, 8.39%, 0, 0, 15, 7118.32, 32410322, 3478
5302, 153, 768, 3008, 147, 10, 8.39%, 0, 0, 15, 7111.49, 32446141, 3478
5307, 153, 783, 3008, 143, 10, 8.39%, 0, 0, 15, 7080.57, 32482962, 3478
5312, 153, 796, 3011, 140, 11, 8.39%, 0, 0, 15, 7089.92, 32518859, 3479
5317, 153, 809, 3012, 134, 11, 8.39%, 0, 0, 15, 7112.72, 32554772, 3479
5322, 153, 823, 3012, 128, 11, 8.39%, 0, 0, 15, 7128.74, 32590534, 3479
5327, 153, 836, 3013, 121, 12, 8.40%, 0, 0, 15, 7093.13, 32626173, 3483
5333, 153, 852, 3013, 114, 12, 8.40%, 0, 0, 15, 7127.92, 32662354, 3483
5338, 153, 865, 3016, 110, 13, 8.42%, 0, 0, 15, 7136.73, 32698267, 3491
5343, 153, 880, 3017, 105, 13, 8.42%, 0, 0, 15, 7099.19, 32734313, 3491
5348, 153, 896, 3017, 99, 12, 8.42%, 0, 0, 15, 7075.07, 32771094, 3491
5353, 153, 910, 3019, 94, 13, 8.43%, 0, 0, 15, 7118.82, 32807046, 3493
5358, 153, 926, 3019, 90, 13, 8.43%, 0, 0, 15, 7142.13, 32842955, 3493
5363, 153, 942, 3019, 80, 13, 8.43%, 0, 0, 15, 7127.37, 32879005, 3493
5368, 153, 956, 3019, 72, 13, 8.43%, 0, 0, 15, 7109.89, 32914858, 3493
5373, 153, 972, 3021, 64, 13, 8.49%, 0, 0, 15, 7085.70, 32951031, 3518
5378, 153, 995, 3021, 55, 13, 8.49%, 0, 0, 15, 7127.03, 32987357, 3518
5383, 153, 1007, 3022, 49, 13, 8.49%, 0, 0, 15, 5897.38, 33015419, 3518
5388, 153, 1028, 3022, 45, 13, 8.49%, 0, 0, 15, 6890.14, 33052343, 3518
5393, 153, 1048, 3022, 45, 13, 8.49%, 0, 0, 15, 7087.93, 33088442, 3518
5398, 153, 1067, 3022, 45, 13, 8.49%, 0, 0, 15, 7104.66, 33123927, 3518
5404, 153, 1554, 3022, 45, 13, 8.49%, 0, 0, 15, 5760.34, 33152806, 3518
5409, 153, 2145, 3024, 47, 13, 8.49%, 0, 0, 15, 5067.43, 33177914, 3518
5414, 153, 2531, 3067, 90, 14, 8.61%, 0, 0, 15, 5002.07, 33203608, 3568
5419, 153, 2531, 3308, 331, 14, 9.18%, 0, 0, 15, 4971.06, 33229175, 3803
5424, 153, 2531, 3329, 352, 14, 9.22%, 0, 0, 15, 5467.99, 33257643, 3822
5429, 153, 2531, 3365, 388, 14, 9.29%, 0, 0, 15, 5389.80, 33285151, 3850
5434, 153, 2548, 3383, 406, 147, 9.35%, 0, 0, 15, 5368.07, 33312287, 3877
5439, 153, 2556, 3394, 417, 161, 9.37%, 0, 0, 15, 5252.50, 33339465, 3883
5444, 153, 2556, 3398, 421, 161, 9.37%, 0, 0, 15, 5253.65, 33366207, 3885
5449, 153, 2616, 3404, 427, 163, 9.39%, 0, 0, 15, 5293.96, 33393287, 3894
5455, 153, 2616, 3413, 436, 163, 9.45%, 0, 0, 15, 5352.18, 33420922, 3918
5460, 153, 2645, 3421, 444, 171, 9.47%, 0, 0, 15, 5343.08, 33448469, 3925
5465, 153, 2645, 3429, 452, 171, 9.49%, 0, 0, 15, 5424.54, 33476297, 3933
5470, 153, 2690, 3433, 456, 179, 9.49%, 0, 0, 15, 474.12, 33499721, 3935
5475, 153, 2690, 3439, 462, 179, 9.50%, 0, 0, 15, 456.23, 33501968, 3938
5480, 153, 2690, 3440, 463, 179, 9.51%, 0, 0, 15, 445.85, 33504229, 3940
5485, 153, 2690, 3442, 465, 179, 9.52%, 0, 0, 15, 441.35, 33506419, 3944
5490, 153, 2690, 3445, 468, 179, 9.52%, 0, 0, 15, 435.01, 33508600, 3947
5495, 153, 2700, 3451, 474, 188, 9.54%, 0, 0, 15, 4249.36, 33528440, 3953
5500, 153, 2713, 3455, 478, 189, 9.54%, 0, 0, 15, 2162.42, 33538304, 3954
5505, 153, 2713, 3455, 478, 189, 9.54%, 0, 0, 15, 1152.56, 33542587, 3954
5511, 153, 2713, 3455, 478, 189, 9.54%, 0, 0, 15, 919.51, 33546964, 3954
5516, 153, 2713, 3455, 478, 189, 9.54%, 0, 0, 15, 869.64, 33551380, 3954
5521, 153, 2713, 3455, 478, 189, 9.54%, 0, 0, 15, 907.32, 33555958, 3954
5526, 153, 2735, 3456, 479, 189, 9.54%, 0, 0, 15, 702.74, 33560039, 3954
5531, 153, 2735, 3456, 479, 189, 9.54%, 0, 0, 15, 519.26, 33562509, 3954
5536, 153, 2735, 3456, 479, 189, 9.54%, 0, 0, 15, 474.64, 33564878, 3954
5541, 153, 2735, 3456, 479, 189, 9.54%, 0, 0, 15, 465.01, 33567254, 3954
5547, 153, 2735, 3456, 479, 189, 9.54%, 0, 0, 15, 463.00, 33569621, 3954
5552, 153, 2735, 3456, 479, 189, 9.54%, 0, 0, 15, 462.73, 33571997, 3954
5557, 153, 2735, 3456, 479, 189, 9.54%, 0, 0, 15, 462.45, 33574364, 3954
5562, 153, 2735, 3456, 479, 189, 9.54%, 0, 0, 15, 462.52, 33576740, 3954
5567, 153, 2735, 3456, 479, 189, 9.54%, 0, 0, 15, 502.20, 33579919, 3954
5572, 153, 2776, 3476, 499, 190, 9.59%, 0, 0, 15, 4488.22, 33587086, 3975
5577, 153, 2779, 3495, 518, 192, 9.59%, 0, 0, 15, 4178.26, 33609469, 3976
5583, 153, 2835, 3500, 523, 194, 9.59%, 0, 0, 15, 4922.53, 33636434, 3976
5588, 153, 2866, 3558, 581, 194, 9.73%, 0, 0, 15, 3059.01, 33651675, 4033
5593, 153, 2866, 3582, 605, 194, 9.73%, 0, 0, 15, 3003.55, 33667119, 4035
5598, 153, 2866, 3607, 630, 194, 9.75%, 0, 0, 15, 2987.78, 33682633, 4041
5603, 153, 2872, 3717, 740, 210, 9.82%, 0, 0, 15, 2124.03, 33693655, 4070
5608, 153, 2872, 3734, 757, 210, 9.83%, 0, 0, 15, 1176.77, 33698366, 4074
5614, 153, 2872, 3738, 761, 210, 9.83%, 0, 0, 15, 976.52, 33703075, 4074
5619, 153, 2872, 3742, 765, 210, 9.83%, 0, 0, 15, 935.74, 33707892, 4075
5624, 153, 2872, 3743, 766, 210, 9.83%, 0, 0, 15, 927.22, 33712633, 4075
5629, 153, 2872, 3746, 769, 210, 9.83%, 0, 0, 15, 925.29, 33717334, 4075
5634, 153, 2872, 3746, 769, 210, 9.83%, 0, 0, 15, 928.20, 33722068, 4075
5639, 153, 2872, 3752, 775, 210, 9.83%, 0, 0, 15, 917.83, 33726772, 4075
5644, 153, 2872, 3772, 795, 210, 9.84%, 0, 0, 15, 926.98, 33731430, 4078
5649, 153, 2872, 3779, 802, 210, 9.84%, 0, 0, 15, 917.71, 33736123, 4079
5654, 153, 2872, 3781, 804, 210, 9.84%, 0, 0, 15, 900.18, 33740681, 4079
5655, 153, 2873, 3781, 804, 210, 9.84%, 0, 0, 15, 895.61, 33741497, 4079
